2016 0911043301.44 38.4664 -112.7945 4.02  -0.0  -1.4 73 1609110001 0.5980 
2016 0911070212.28 38.4677 -112.7892 2.44  -0.7  -1.4 58 1609110002 0.6840 
2016 0914162011.40 38.4698 -112.7871 1.27  -0.1  -0.7 19 1609140001 0.4500 
2016 0917182901.52 38.4678 -112.7989 5.55   0.1  -0.6 11 1609170001 0.5900 
2016 0917183526.34 38.4678 -112.7989 5.55   0.1  -0.6 11 1609170002 0.5900 
2016 0917184259.26 38.4678 -112.7989 5.55   0.1  -0.7 11 1609170003 0.6370 
2016 0917203511.78 38.4678 -112.7989 5.55   0.1  -0.8 11 1609170004 0.6830 
2016 0917220727.88 38.4678 -112.7989 5.55   0.1  -0.6 11 1609170005 0.7100 
2016 0917220851.12 38.4678 -112.7989 5.55   0.1  -0.7 11 1609170006 0.6390 
2016 0917221356.46 38.4678 -112.7989 5.55   0.1  -0.4 11 1609170007 0.6260 
2016 0918041633.20 38.4693 -112.7955 4.78   0.3   0.5 31 1609180001 0.7070 
2016 0918042809.96 38.4678 -112.7989 5.55   0.1  -0.7 11 1609180002 0.5260 
2016 0918081222.02 38.4652 -112.7929 3.65   0.2  -1.6 09 1609180004 0.3700 
2016 0918081359.50 38.4678 -112.7989 5.55   0.1  -1.4 11 1609180005 0.6460 
2016 0918081406.30 38.4678 -112.7989 5.55   0.1  -1.1 11 1609180006 0.5980 
2016 0918081414.08 38.4677 -112.7892 2.44  -0.7  -1.2 58 1609180007 0.5810 
2016 0918085246.70 38.4678 -112.7989 5.55   0.1  -0.5 11 1609180008 0.6710 
2016 0918090008.88 38.4678 -112.7989 5.55   0.1  -1.7 11 1609180009 0.4910 
2016 0918101606.22 38.4698 -112.7871 1.27  -0.1  -0.9 19 1609180010 0.5800 
2016 0918134011.62 38.4678 -112.7989 5.55   0.1  -1.5 11 1609180011 0.4330 
2016 0918165901.15 38.4680 -112.7941 4.20  -0.6  -1.2 20 1609180012 0.5410 
2016 0920222735.18 38.4680 -112.7941 4.20  -0.6  -1.4 20 1609200001 0.4390 
2016 0920231932.90 38.4678 -112.7989 5.55   0.1  -0.7 11 1609200002 0.5470 
2016 0921005556.06 38.4677 -112.7892 2.44  -0.7  -1.6 58 1609210001 0.5110 
2016 0921005627.60 38.4678 -112.7989 5.55   0.1  -0.9 11 1609210002 0.4680 
2016 0921005653.12 38.4678 -112.7989 5.55   0.1   0.3 11 1609210003 0.6170 
2016 0921020024.90 38.4680 -112.7941 4.20  -0.6  -0.6 20 1609210004 0.5050 
2016 0921020030.64 38.4678 -112.7975 5.42   1.5   0.5 01 1609210005 0.6400 
2016 0921020203.72 38.4680 -112.7941 4.20  -0.6  -1.5 20 1609210006 0.5460 
2016 0921020502.60 38.4678 -112.7989 5.55   0.1  -0.7 11 1609210007 0.6400 
2016 0921020518.22 38.4680 -112.7941 4.20  -0.6  -1.5 20 1609210008 0.4960 
2016 0921020801.30 38.4693 -112.7955 4.78   0.3  -0.7 31 1609210009 0.3290 
2016 0921021041.34 38.4678 -112.7989 5.55   0.1  -0.8 11 1609210010 0.4850 
2016 0921022715.12 38.4680 -112.7941 4.20  -0.6  -1.2 20 1609210011 0.5220 
2016 0921022738.12 38.4680 -112.7941 4.20  -0.6  -1.1 20 1609210012 0.6890 
2016 0921023134.44 38.4680 -112.7941 4.20  -0.6  -1.5 20 1609210013 0.4600 
2016 0921023357.86 38.4680 -112.7941 4.20  -0.6  -0.9 20 1609210014 0.6520 
2016 0921023501.42 38.4685 -112.7930 3.65  -0.4  -1.5 38 1609210015 0.3780 
2016 0921023646.20 38.4693 -112.7955 4.78   0.3  -0.6 31 1609210016 0.3190 
2016 0921031519.54 38.4677 -112.7892 2.44  -0.7  -1.5 58 1609210017 0.5510 
2016 0921031818.64 38.4678 -112.7975 5.42   1.5   1.1 01 1609210018 0.8010 
2016 0921031849.98 38.4678 -112.7989 5.55   0.1  -0.3 11 1609210019 0.6780 
2016 0921032035.52 38.4698 -112.7871 1.27  -0.1  -0.5 19 1609210020 0.4400 
2016 0921032040.32 38.4680 -112.7941 4.20  -0.6  -0.9 20 1609210021 0.7260 
2016 0921032300.56 38.4678 -112.7969 5.34   1.5   0.8 03 1609210022 0.7740 
2016 0921032330.46 38.4678 -112.7989 5.55   0.1  -0.6 11 1609210023 0.5700 
2016 0921032746.32 38.4680 -112.7941 4.20  -0.6  -1.3 20 1609210024 0.5430 
2016 0921032757.84 38.4700 -112.7910 3.52   0.2  -0.7 32 1609210025 0.3660 
2016 0921033234.48 38.4677 -112.7892 2.44  -0.7  -1.6 58 1609210026 0.5410 
2016 0921033247.70 38.4673 -112.7947 4.39   1.3   0.4 36 1609210027 0.5990 
2016 0921034025.68 38.4678 -112.7969 5.34   1.5   0.9 03 1609210028 0.8050 
2016 0921034040.84 38.4678 -112.7989 5.55   0.1  -0.6 11 1609210029 0.5870 
2016 0921034115.86 38.4680 -112.7941 4.20  -0.6  -1.3 20 1609210030 0.4300 
2016 0921034202.60 38.4678 -112.7989 5.55   0.1  -0.7 11 1609210031 0.4680 
2016 0921034244.52 38.4680 -112.7941 4.20  -0.6  -1.0 20 1609210032 0.5930 
2016 0921034249.02 38.4680 -112.7941 4.20  -0.6  -1.3 20 1609210033 0.4390 
2016 0921034709.76 38.4678 -112.7969 5.34   1.5  -0.3 03 1609210034 0.6540 
2016 0921034939.60 38.4677 -112.7890 2.38  -0.3  -1.7 72 1609210035 0.4630 
2016 0921035049.86 38.4678 -112.7989 5.55   0.1  -1.3 11 1609210036 0.4770 
2016 0921035106.86 38.4680 -112.7941 4.20  -0.6  -1.4 20 1609210037 0.5790 
2016 0921035233.72 38.4698 -112.7871 1.27  -0.1  -0.4 19 1609210038 0.6220 
2016 0921040034.40 38.4680 -112.7941 4.20  -0.6  -0.9 20 1609210039 0.7460 
2016 0921040105.60 38.4676 -112.7968 5.32   1.0  -0.6 04 1609210040 0.7810 
2016 0921040404.14 38.4680 -112.7941 4.20  -0.6  -0.9 20 1609210041 0.5860 
2016 0921040441.40 38.4678 -112.7989 5.55   0.1  -0.9 11 1609210042 0.5820 
2016 0921040652.70 38.4678 -112.7989 5.55   0.1  -1.4 11 1609210043 0.4580 
2016 0921041022.58 38.4680 -112.7941 4.20  -0.6  -1.7 20 1609210044 0.5300 
2016 0921041111.14 38.4678 -112.7989 5.55   0.1  -0.7 11 1609210045 0.5230 
2016 0921041123.76 38.4676 -112.7968 5.32   1.0  -1.0 04 1609210046 0.3300 
2016 0921041142.62 38.4680 -112.7941 4.20  -0.6  -1.0 20 1609210047 0.6170 
2016 0921041220.66 38.4680 -112.7941 4.20  -0.6  -1.7 20 1609210048 0.4440 
2016 0921041244.50 38.4673 -112.7947 4.39   1.3  -0.0 36 1609210049 0.6610 
2016 0921041842.40 38.4678 -112.7969 5.34   1.5  -0.4 03 1609210050 0.4950 
2016 0921041933.46 38.4680 -112.7941 4.20  -0.6  -0.9 20 1609210051 0.6480 
2016 0921041939.62 38.4680 -112.7960 5.31   1.3  -0.7 14 1609210052 0.4010 
2016 0921042001.08 38.4676 -112.7968 5.32   1.0  -1.1 04 1609210053 0.3290 
2016 0921042010.74 38.4680 -112.7941 4.20  -0.6  -1.7 20 1609210054 0.4300 
2016 0921042056.96 38.4680 -112.7941 4.20  -0.6  -1.5 20 1609210055 0.4530 
2016 0921042149.16 38.4678 -112.7989 5.55   0.1  -1.1 11 1609210056 0.6700 
2016 0921042246.72 38.4680 -112.7941 4.20  -0.6  -1.2 20 1609210057 0.5680 
2016 0921042259.22 38.4680 -112.7941 4.20  -0.6  -1.0 20 1609210058 0.5840 
2016 0921042313.96 38.4677 -112.7892 2.44  -0.7  -1.5 58 1609210059 0.5780 
2016 0921042330.16 38.4678 -112.7989 5.55   0.1  -1.4 11 1609210060 0.4490 
2016 0921042415.14 38.4680 -112.7960 5.31   1.3  -0.9 14 1609210061 0.5760 
2016 0921042423.56 38.4678 -112.7969 5.34   1.5  -0.1 03 1609210062 0.6980 
2016 0921042508.54 38.4698 -112.7871 1.27  -0.1  -1.0 19 1609210063 0.4560 
2016 0921042702.10 38.4680 -112.7941 4.20  -0.6  -0.9 20 1609210064 0.7380 
2016 0921042839.72 38.4678 -112.7989 5.55   0.1  -1.4 11 1609210065 0.5460 
2016 0921042952.08 38.4680 -112.7941 4.20  -0.6  -1.0 20 1609210066 0.5650 
2016 0921043359.36 38.4680 -112.7941 4.20  -0.6  -1.3 20 1609210067 0.5340 
2016 0921043553.04 38.4677 -112.7892 2.44  -0.7  -1.8 58 1609210068 0.4730 
2016 0921044037.90 38.4680 -112.7941 4.20  -0.6  -1.1 20 1609210069 0.6300 
2016 0921044212.64 38.4680 -112.7941 4.20  -0.6  -0.9 20 1609210070 0.6840 
2016 0921044236.26 38.4677 -112.7892 2.44  -0.7  -1.4 58 1609210071 0.5660 
2016 0921044436.78 38.4680 -112.7941 4.20  -0.6  -1.0 20 1609210072 0.5950 
2016 0921044559.32 38.4676 -112.7968 5.32   1.0  -0.1 04 1609210073 0.9410 
2016 0921044722.04 38.4680 -112.7941 4.20  -0.6  -1.6 20 1609210074 0.4330 
2016 0921045325.74 38.4680 -112.7941 4.20  -0.6  -1.4 20 1609210075 0.4390 
2016 0921045418.64 38.4678 -112.7989 5.55   0.1  -1.0 11 1609210076 0.5270 
2016 0921045506.62 38.4693 -112.7955 4.78   0.3  -0.1 31 1609210077 0.3450 
2016 0921045526.88 38.4677 -112.7892 2.44  -0.7  -1.1 58 1609210078 0.4430 
2016 0921045620.60 38.4680 -112.7941 4.20  -0.6  -1.0 20 1609210079 0.6510 
2016 0921050024.02 38.4680 -112.7941 4.20  -0.6  -0.9 20 1609210080 0.6220 
2016 0921050103.32 38.4680 -112.7941 4.20  -0.6  -1.0 20 1609210081 0.4410 
2016 0921050154.12 38.4673 -112.7947 4.39   1.3  -0.2 36 1609210082 0.4540 
2016 0921050213.44 38.4678 -112.7989 5.55   0.1  -0.5 11 1609210083 0.7540 
2016 0921050406.42 38.4698 -112.7871 1.27  -0.1  -0.5 19 1609210084 0.5570 
2016 0921051245.90 38.4680 -112.7941 4.20  -0.6  -1.0 20 1609210085 0.6530 
2016 0921051419.88 38.4677 -112.7892 2.44  -0.7  -1.2 58 1609210086 0.5670 
2016 0921051656.52 38.4698 -112.7871 1.27  -0.1  -0.6 19 1609210087 0.6150 
2016 0921052339.84 38.4680 -112.7941 4.20  -0.6  -1.2 20 1609210088 0.5020 
2016 0921052413.84 38.4680 -112.7941 4.20  -0.6  -1.0 20 1609210089 0.6790 
2016 0921053624.20 38.4677 -112.7892 2.44  -0.7  -1.6 58 1609210090 0.4900 
2016 0921053951.34 38.4678 -112.7989 5.55   0.1  -1.0 11 1609210091 0.4880 
2016 0921054045.50 38.4677 -112.7892 2.44  -0.7  -1.1 58 1609210092 0.5460 
2016 0921054604.14 38.4698 -112.7871 1.27  -0.1  -0.8 19 1609210093 0.5220 
2016 0921054625.24 38.4680 -112.7941 4.20  -0.6  -0.6 20 1609210094 0.8210 
2016 0921054648.86 38.4681 -112.7908 3.91   0.2  -0.9 17 1609210095 0.5390 
2016 0921055003.10 38.4678 -112.7969 5.34   1.5  -0.2 03 1609210096 0.7140 
2016 0921055700.14 38.4664 -112.7945 4.02  -0.0  -1.6 73 1609210097 0.4290 
2016 0921060749.94 38.4678 -112.7989 5.55   0.1  -1.4 11 1609210098 0.5210 
2016 0921060807.86 38.4677 -112.7892 2.44  -0.7  -1.8 58 1609210099 0.4730 
2016 0921060832.02 38.4678 -112.7989 5.55   0.1  -1.5 11 1609210100 0.4950 
2016 0921061755.46 38.4677 -112.7892 2.44  -0.7  -1.3 58 1609210101 0.6200 
2016 0921062752.20 38.4680 -112.7941 4.20  -0.6  -1.1 20 1609210102 0.6840 
2016 0921062928.98 38.4680 -112.7941 4.20  -0.6  -0.9 20 1609210103 0.7110 
2016 0921063532.72 38.4698 -112.7871 1.27  -0.1  -1.2 19 1609210104 0.4730 
2016 0921064201.44 38.4680 -112.7941 4.20  -0.6  -1.3 20 1609210105 0.5370 
2016 0921064307.54 38.4680 -112.7941 4.20  -0.6  -1.3 20 1609210106 0.5370 
2016 0921070221.28 38.4660 -112.7899 2.60  -0.3  -1.7 07 1609210107 0.4430 
2016 0921070342.78 38.4680 -112.7941 4.20  -0.6  -1.3 20 1609210108 0.4370 
2016 0921070418.64 38.4680 -112.7941 4.20  -0.6  -1.1 20 1609210109 0.6900 
2016 0921071520.98 38.4693 -112.7955 4.78   0.3  -1.0 31 1609210110 0.3150 
2016 0921072009.86 38.4678 -112.7989 5.55   0.1  -0.9 11 1609210111 0.4650 
2016 0921072900.14 38.4680 -112.7941 4.20  -0.6  -1.1 20 1609210112 0.6310 
2016 0921072922.04 38.4678 -112.7989 5.55   0.1  -0.5 11 1609210113 0.6400 
2016 0921072931.94 38.4680 -112.7941 4.20  -0.6  -1.2 20 1609210114 0.5960 
2016 0921072948.92 38.4680 -112.7941 4.20  -0.6  -1.1 20 1609210115 0.6150 
2016 0921073626.46 38.4678 -112.7989 5.55   0.1  -0.7 11 1609210116 0.6040 
2016 0921074144.14 38.4678 -112.7989 5.55   0.1  -0.5 11 1609210117 0.4960 
2016 0921080001.50 38.4680 -112.7941 4.20  -0.6  -0.9 20 1609210118 0.7890 
2016 0921080311.16 38.4677 -112.7892 2.44  -0.7  -1.7 58 1609210119 0.4490 
2016 0921084240.70 38.4680 -112.7941 4.20  -0.6  -0.9 20 1609210120 0.7050 
2016 0921085339.84 38.4680 -112.7941 4.20  -0.6  -0.9 20 1609210121 0.5790 
2016 0921093211.36 38.4677 -112.7892 2.44  -0.7  -1.3 58 1609210122 0.6190 
2016 0921093226.88 38.4680 -112.7941 4.20  -0.6  -1.2 20 1609210123 0.5020 
2016 0921100842.16 38.4676 -112.7968 5.32   1.0  -0.6 04 1609210124 0.7000 
2016 0921100958.14 38.4678 -112.7989 5.55   0.1  -1.0 11 1609210125 0.5590 
2016 0921104532.88 38.4677 -112.7892 2.44  -0.7  -1.0 58 1609210126 0.6320 
2016 0921115447.12 38.4680 -112.7941 4.20  -0.6  -1.4 20 1609210127 0.4350 
2016 0921123331.94 38.4678 -112.7989 5.55   0.1  -1.0 11 1609210128 0.4640 
2016 0921125951.46 38.4698 -112.7871 1.27  -0.1  -1.1 19 1609210129 0.4470 
2016 0921130043.96 38.4680 -112.7941 4.20  -0.6  -0.9 20 1609210130 0.7170 
2016 0921173523.80 38.4680 -112.7941 4.20  -0.6  -1.2 20 1609210131 0.5060 
2016 0921173544.00 38.4680 -112.7941 4.20  -0.6  -1.1 20 1609210132 0.5340 
2016 0921174513.20 38.4681 -112.7908 3.91   0.2  -1.1 17 1609210133 0.6040 
2016 0921174641.90 38.4680 -112.7941 4.20  -0.6  -1.0 20 1609210134 0.5120 
2016 0921194058.88 38.4677 -112.7892 2.44  -0.7  -1.1 58 1609210135 0.4870 
2016 0921194216.78 38.4691 -112.7873 1.84   0.0  -0.2 16 1609210136 0.8220 
2016 0921194222.92 38.4698 -112.7871 1.27  -0.1  -0.2 19 1609210137 0.5130 
2016 0921194516.30 38.4680 -112.7941 4.20  -0.6  -0.9 20 1609210138 0.7020 
2016 0921194544.18 38.4681 -112.7908 3.91   0.2  -0.8 17 1609210139 0.4100 
2016 0921194844.10 38.4678 -112.7969 5.34   1.5  -0.6 03 1609210140 0.3160 
2016 0921194926.32 38.4680 -112.7941 4.20  -0.6  -0.9 20 1609210141 0.7170 
2016 0921195057.64 38.4698 -112.7871 1.27  -0.1  -0.8 19 1609210142 0.5080 
2016 0921195218.56 38.4664 -112.7945 4.02  -0.0  -1.4 73 1609210143 0.4190 
2016 0921195659.82 38.4678 -112.7969 5.34   1.5  -0.6 03 1609210144 0.3150 
2016 0921200038.68 38.4680 -112.7941 4.20  -0.6  -1.0 20 1609210145 0.4650 
2016 0921200157.52 38.4680 -112.7941 4.20  -0.6  -1.1 20 1609210146 0.5130 
2016 0921201012.66 38.4678 -112.7989 5.55   0.1  -1.1 11 1609210147 0.6010 
2016 0921201144.48 38.4677 -112.7892 2.44  -0.7  -1.1 58 1609210148 0.5000 
2016 0921202323.44 38.4680 -112.7941 4.20  -0.6  -1.0 20 1609210149 0.6600 
2016 0921202443.88 38.4698 -112.7871 1.27  -0.1  -0.9 19 1609210150 0.5200 
2016 0921202942.46 38.4677 -112.7892 2.44  -0.7  -1.4 58 1609210151 0.4720 
2016 0921205211.84 38.4680 -112.7941 4.20  -0.6  -0.9 20 1609210152 0.6860 
2016 0921212043.46 38.4680 -112.7960 5.31   1.3   0.0 14 1609210153 0.8060 
2016 0921214208.74 38.4680 -112.7960 5.31   1.3  -0.8 14 1609210154 0.5210 
2016 0921214459.96 38.4680 -112.7941 4.20  -0.6  -1.2 20 1609210155 0.4370 
2016 0921214631.48 38.4681 -112.7908 3.91   0.2  -0.7 17 1609210156 0.5970 
2016 0921230341.34 38.4680 -112.7960 5.31   1.3  -0.7 14 1609210157 0.5840 
2016 0921230905.30 38.4678 -112.7989 5.55   0.1  -1.0 11 1609210158 0.5700 
2016 0921232437.40 38.4652 -112.7929 3.65   0.2  -1.3 09 1609210159 0.3830 
2016 0921234220.53 38.4680 -112.7941 4.20  -0.6  -0.9 20 1609210160 0.7310 
2016 0922000305.72 38.4680 -112.7941 4.20  -0.6  -0.9 20 1609220001 0.5830 
2016 0922001858.32 38.4680 -112.7941 4.20  -0.6  -1.1 20 1609220002 0.6240 
2016 0922002637.60 38.4680 -112.7941 4.20  -0.6  -0.7 20 1609220003 0.6070 
2016 0922005055.04 38.4694 -112.7879 2.18  -0.4  -0.1 15 1609220004 0.7790 
2016 0922005125.30 38.4698 -112.7871 1.27  -0.1  -0.3 19 1609220005 0.5170 
2016 0922010742.48 38.4681 -112.7908 3.91   0.2  -0.6 17 1609220006 0.6390 
2016 0922011956.50 38.4680 -112.7941 4.20  -0.6  -1.0 20 1609220007 0.4810 
2016 0922024746.38 38.4678 -112.7989 5.55   0.1  -0.5 11 1609220008 0.4720 
2016 0922032336.72 38.4676 -112.7968 5.32   1.0  -0.2 04 1609220009 0.7670 
2016 0922042510.28 38.4664 -112.7945 4.02  -0.0  -1.3 73 1609220010 0.4490 
2016 0922044142.40 38.4677 -112.7892 2.44  -0.7  -1.6 58 1609220011 0.6360 
2016 0922044208.08 38.4677 -112.7892 2.44  -0.7  -1.4 58 1609220012 0.6180 
2016 0922044233.26 38.4698 -112.7871 1.27  -0.1  -0.9 19 1609220013 0.4810 
2016 0922044244.56 38.4664 -112.7945 4.02  -0.0  -1.3 73 1609220014 0.4890 
2016 0922044434.72 38.4677 -112.7890 2.38  -0.3  -1.1 72 1609220015 0.6280 
2016 0922044614.84 38.4680 -112.7941 4.20  -0.6  -1.4 20 1609220016 0.5740 
2016 0922045215.04 38.4677 -112.7892 2.44  -0.7  -0.9 58 1609220017 0.6020 
2016 0922050648.36 38.4677 -112.7892 2.44  -0.7  -1.7 58 1609220018 0.4480 
2016 0922051557.20 38.4680 -112.7941 4.20  -0.6  -1.4 20 1609220019 0.5500 
2016 0922053300.94 38.4677 -112.7892 2.44  -0.7  -0.6 58 1609220020 0.7040 
2016 0922061225.10 38.4677 -112.7890 2.38  -0.3  -1.4 72 1609220021 0.5950 
2016 0922062856.72 38.4680 -112.7941 4.20  -0.6  -1.5 20 1609220022 0.5810 
2016 0922065533.76 38.4677 -112.7892 2.44  -0.7  -1.3 58 1609220023 0.7010 
2016 0922065634.80 38.4677 -112.7892 2.44  -0.7  -1.8 58 1609220024 0.4710 
2016 0922081732.48 38.4678 -112.7989 5.55   0.1  -1.0 11 1609220025 0.4860 
2016 0922082528.82 38.4680 -112.7960 5.31   1.3   0.2 14 1609220026 0.7960 
2016 0922083518.56 38.4686 -112.7892 3.60  -0.1  -0.7 18 1609220027 0.6680 
2016 0922092706.58 38.4681 -112.7908 3.91   0.2  -1.2 17 1609220028 0.4950 
2016 0922105146.34 38.4680 -112.7960 5.31   1.3  -0.9 14 1609220029 0.5650 
2016 0922105156.48 38.4680 -112.7941 4.20  -0.6  -1.5 20 1609220030 0.4340 
2016 0922111648.54 38.4664 -112.7945 4.02  -0.0  -1.5 73 1609220031 0.5040 
2016 0922112243.30 38.4680 -112.7960 5.31   1.3  -1.1 14 1609220032 0.5940 
2016 0922113240.80 38.4677 -112.7892 2.44  -0.7  -1.5 58 1609220033 0.6040 
2016 0922113814.92 38.4677 -112.7890 2.38  -0.3  -1.6 72 1609220034 0.4670 
2016 0922114329.68 38.4678 -112.7989 5.55   0.1  -0.8 11 1609220035 0.5640 
2016 0922122926.86 38.4680 -112.7941 4.20  -0.6  -0.7 20 1609220036 0.8170 
2016 0922125105.92 38.4677 -112.7892 2.44  -0.7  -1.7 58 1609220037 0.5800 
2016 0922134552.70 38.4677 -112.7892 2.44  -0.7  -1.3 58 1609220038 0.6740 
2016 0922135200.80 38.4678 -112.7989 5.55   0.1  -1.0 11 1609220039 0.4850 
2016 0922141438.10 38.4680 -112.7941 4.20  -0.6  -1.4 20 1609220040 0.4850 
2016 0922142505.76 38.4680 -112.7941 4.20  -0.6  -1.6 20 1609220041 0.5190 
2016 0922144507.06 38.4680 -112.7960 5.31   1.3  -0.8 14 1609220042 0.6280 
2016 0922145155.58 38.4680 -112.7960 5.31   1.3  -0.3 14 1609220043 0.7990 
2016 0922170610.04 38.4678 -112.7989 5.55   0.1  -1.2 11 1609220044 0.4850 
2016 0923004750.80 38.4680 -112.7960 5.31   1.3  -0.9 14 1609230001 0.5400 
2016 0923105055.70 38.4680 -112.7941 4.20  -0.6  -1.8 20 1609230002 0.5010 
2016 0923171300.06 38.4676 -112.7968 5.32   1.0  -0.1 04 1609230003 0.3090 
2016 0924184412.04 38.4677 -112.7890 2.38  -0.3  -0.9 72 1609240001 0.4530 
2016 0924184744.77 38.4677 -112.7890 2.38  -0.3  -1.5 72 1609240002 0.4420 
2016 0925051917.86 38.4678 -112.7969 5.34   1.5  -0.3 03 1609250001 0.3010 
2016 0925055725.42 38.4680 -112.7960 5.31   1.3  -0.8 14 1609250002 0.3970 
2016 0925084059.24 38.4678 -112.7989 5.55   0.1  -1.4 11 1609250003 0.5000 
2016 0925105150.18 38.4678 -112.7989 5.55   0.1  -1.5 11 1609250004 0.4850 
2016 0925110902.94 38.4678 -112.7989 5.55   0.1  -1.1 11 1609250005 0.5140 
2016 0925132125.82 38.4698 -112.7871 1.27  -0.1  -0.8 19 1609250006 0.5020 
2016 0925150401.50 38.4680 -112.7941 4.20  -0.6  -1.4 20 1609250007 0.5140 
2016 0926001706.60 38.4678 -112.7989 5.55   0.1  -1.2 11 1609260001 0.4660 
2016 0926050758.50 38.4677 -112.7890 2.38  -0.3  -1.1 72 1609260002 0.4380 
2016 0926072833.80 38.4677 -112.7892 2.44  -0.7  -1.7 58 1609260003 0.4190 
2016 0926093632.56 38.4698 -112.7871 1.27  -0.1   0.1 19 1609260004 0.4950 
2016 0926093637.64 38.4677 -112.7890 2.38  -0.3  -1.1 72 1609260005 0.5110 
2016 0926093653.60 38.4677 -112.7892 2.44  -0.7  -1.0 58 1609260006 0.4860 
2016 0926093804.48 38.4698 -112.7871 1.27  -0.1  -0.3 19 1609260007 0.4780 
2016 0926095235.84 38.4677 -112.7892 2.44  -0.7  -1.9 58 1609260008 0.4930 
2016 0926095447.90 38.4664 -112.7945 4.02  -0.0  -0.6 73 1609260009 0.4450 
2016 0926095638.44 38.4677 -112.7890 2.38  -0.3  -1.2 72 1609260010 0.4570 
2016 0926103517.04 38.4698 -112.7871 1.27  -0.1  -0.6 19 1609260011 0.4150 
2016 0926105845.48 38.4680 -112.7941 4.20  -0.6  -0.6 20 1609260012 0.4560 
2016 0926110650.72 38.4678 -112.7989 5.55   0.1  -1.0 11 1609260013 0.5360 
2016 0926113930.40 38.4677 -112.7892 2.44  -0.7  -1.6 58 1609260014 0.4590 
2016 0926114013.06 38.4660 -112.7899 2.60  -0.3  -1.6 07 1609260015 0.3840 
2016 0926120020.10 38.4678 -112.7989 5.55   0.1  -0.4 11 1609260016 0.5190 
2016 0926122047.06 38.4678 -112.7989 5.55   0.1  -0.3 11 1609260017 0.6360 
2016 0926123922.94 38.4698 -112.7871 1.27  -0.1  -0.4 19 1609260018 0.5460 
2016 0926133736.68 38.4677 -112.7892 2.44  -0.7  -0.6 58 1609260019 0.4830 
2016 0926165430.90 38.4664 -112.7945 4.02  -0.0  -1.4 73 1609260020 0.4380 
2016 0926165442.60 38.4664 -112.7945 4.02  -0.0  -1.0 73 1609260021 0.4370 
2016 0926175451.50 38.4698 -112.7871 1.27  -0.1   0.1 19 1609260022 0.5470 
2016 0926175459.08 38.4677 -112.7892 2.44  -0.7  -0.6 58 1609260023 0.4870 
2016 0926175735.88 38.4664 -112.7945 4.02  -0.0  -1.1 73 1609260024 0.4360 
2016 0926180339.94 38.4677 -112.7892 2.44  -0.7   0.4 58 1609260025 0.5650 
2016 0926192555.14 38.4676 -112.7968 5.32   1.0  -1.1 04 1609260026 0.3020 
2016 0926193854.62 38.4698 -112.7871 1.27  -0.1  -1.1 19 1609260027 0.5090 
2016 0926195834.72 38.4698 -112.7871 1.27  -0.1  -0.8 19 1609260028 0.5050 
2016 0926200819.28 38.4673 -112.7947 4.39   1.3  -0.1 36 1609260029 0.4660 
2016 0926201932.86 38.4680 -112.7960 5.31   1.3  -1.1 14 1609260030 0.3840 
2016 0926201939.32 38.4678 -112.7989 5.55   0.1  -1.2 11 1609260031 0.4460 
2016 0926201943.58 38.4673 -112.7947 4.39   1.3  -0.4 36 1609260032 0.4840 
2016 0926202027.88 38.4677 -112.7892 2.44  -0.7  -1.5 58 1609260033 0.4650 
2016 0926202032.24 38.4680 -112.7960 5.31   1.3  -0.5 14 1609260034 0.4990 
2016 0926202116.88 38.4673 -112.7947 4.39   1.3   0.0 36 1609260035 0.5620 
2016 0926220207.32 38.4677 -112.7892 2.44  -0.7  -1.1 58 1609260036 0.5470 
2016 0926221708.28 38.4677 -112.7892 2.44  -0.7  -1.1 58 1609260037 0.4750 
2016 0926221722.22 38.4677 -112.7890 2.38  -0.3  -1.1 72 1609260038 0.4360 
2016 0926221844.76 38.4678 -112.7989 5.55   0.1  -1.1 11 1609260039 0.4980 
2016 0926222326.74 38.4677 -112.7890 2.38  -0.3  -0.9 72 1609260040 0.4330 
2016 0926223407.94 38.4698 -112.7871 1.27  -0.1  -1.0 19 1609260041 0.4670 
2016 0927010456.96 38.4698 -112.7871 1.27  -0.1   0.3 19 1609270001 0.5110 
2016 0927025716.96 38.4680 -112.7941 4.20  -0.6  -1.0 20 1609270002 0.4530 
2016 0927025726.14 38.4677 -112.7892 2.44  -0.7  -0.1 58 1609270003 0.5500 
2016 0927033413.66 38.4677 -112.7892 2.44  -0.7  -0.4 58 1609270004 0.5670 
2016 0927033422.52 38.4678 -112.7989 5.55   0.1  -0.9 11 1609270005 0.4850 
2016 0927050551.88 38.4658 -112.7907 2.86   0.2  -1.6 08 1609270006 0.3590 
2016 0927120631.52 38.4677 -112.7892 2.44  -0.7   0.4 58 1609270007 0.5660 
2016 0927133538.56 38.4677 -112.7892 2.44  -0.7  -1.2 58 1609270008 0.5190 
2016 0927133546.58 38.4664 -112.7945 4.02  -0.0   0.0 73 1609270009 0.6150 
2016 0927133704.92 38.4677 -112.7892 2.44  -0.7  -1.8 58 1609270010 0.4520 
2016 0927133931.26 38.4677 -112.7892 2.44  -0.7  -1.2 58 1609270011 0.5540 
2016 0927134007.96 38.4677 -112.7892 2.44  -0.7  -1.4 58 1609270012 0.4580 
2016 0927153127.26 38.4677 -112.7892 2.44  -0.7  -0.8 58 1609270013 0.4380 
2016 0927160338.42 38.4677 -112.7892 2.44  -0.7  -0.7 58 1609270014 0.5010 
2016 0927173534.40 38.4677 -112.7892 2.44  -0.7  -1.5 58 1609270015 0.5050 
2016 0927181830.28 38.4673 -112.7947 4.39   1.3   1.0 36 1609270016 0.5210 
2016 0927182333.64 38.4678 -112.7989 5.55   0.1  -0.9 11 1609270017 0.4380 
2016 0927190959.36 38.4680 -112.7941 4.20  -0.6  -1.4 20 1609270018 0.5040 
2016 0927191444.62 38.4698 -112.7871 1.27  -0.1  -0.6 19 1609270019 0.5040 
2016 0927193710.50 38.4677 -112.7892 2.44  -0.7  -1.2 58 1609270020 0.4620 
2016 0927204139.84 38.4664 -112.7945 4.02  -0.0  -1.2 73 1609270021 0.4830 
2016 0927205630.50 38.4680 -112.7960 5.31   1.3  -1.3 14 1609270022 0.4490 
2016 0927205654.92 38.4698 -112.7871 1.27  -0.1  -0.9 19 1609270023 0.4860 
2016 0927211942.84 38.4677 -112.7892 2.44  -0.7  -1.3 58 1609270024 0.4900 
2016 0927212531.10 38.4677 -112.7892 2.44  -0.7  -2.0 58 1609270025 0.4270 
2016 0927213522.96 38.4678 -112.7969 5.34   1.5  -0.9 03 1609270026 0.3200 
2016 0927221439.94 38.4678 -112.7989 5.55   0.1  -1.2 11 1609270027 0.4480 
2016 0927225339.44 38.4677 -112.7892 2.44  -0.7  -1.3 58 1609270028 0.4650 
2016 0927234402.06 38.4660 -112.7899 2.60  -0.3  -1.7 07 1609270029 0.4610 
2016 0928011151.42 38.4677 -112.7892 2.44  -0.7  -0.5 58 1609280001 0.4940 
2016 0928031906.30 38.4677 -112.7892 2.44  -0.7  -1.0 58 1609280002 0.5350 
2016 0928032038.82 38.4698 -112.7871 1.27  -0.1  -0.7 19 1609280003 0.4920 
2016 0928041412.30 38.4680 -112.7941 4.20  -0.6  -1.1 20 1609280004 0.4450 
2016 0928061931.14 38.4678 -112.7989 5.55   0.1  -1.1 11 1609280005 0.4930 
2016 0928074553.32 38.4680 -112.7941 4.20  -0.6  -1.5 20 1609280006 0.4630 
2016 0928121217.18 38.4677 -112.7892 2.44  -0.7  -1.5 58 1609280008 0.4820 
2016 0928134735.20 38.4677 -112.7892 2.44  -0.7  -0.4 58 1609280009 0.5780 
2016 0928202353.18 38.4677 -112.7892 2.44  -0.7  -1.4 58 1609280010 0.4670 
2016 0929054636.52 38.4698 -112.7871 1.27  -0.1  -0.2 19 1609290001 0.4900 
2016 0929074457.24 38.4698 -112.7871 1.27  -0.1  -0.1 19 1609290002 0.4580 
2016 0929104304.70 38.4677 -112.7892 2.44  -0.7  -1.3 58 1609290003 0.4620 
2016 0929150755.94 38.4677 -112.7892 2.44  -0.7  -1.1 58 1609290004 0.5430 
2016 0929150948.08 38.4677 -112.7892 2.44  -0.7  -1.2 58 1609290005 0.4690 
2016 0929152316.04 38.4676 -112.7962 3.97  -0.7  -1.4 33 1609290006 0.4140 
2016 0929152450.18 38.4678 -112.7989 5.55   0.1  -0.3 11 1609290007 0.5100 
2016 0929152458.70 38.4698 -112.7871 1.27  -0.1  -1.0 19 1609290008 0.4230 
2016 0929160053.50 38.4677 -112.7892 2.44  -0.7  -1.5 58 1609290009 0.4860 
2016 0929160131.54 38.4698 -112.7871 1.27  -0.1  -1.0 19 1609290010 0.4710 
2016 0929161656.72 38.4678 -112.7989 5.55   0.1  -0.9 11 1609290011 0.5250 
2016 0929223559.14 38.4678 -112.7989 5.55   0.1  -0.8 11 1609290012 0.4860 
2016 1002133927.18 38.4673 -112.7947 4.39   1.3  -0.0 36 1610020001 0.4340 
2016 1027201840.72 38.4664 -112.7945 4.02  -0.0  -1.2 73 1610270001 0.4090 
2016 1126022803.46 38.4695 -112.7853 3.10  -0.3  -0.9 06 1611260001 0.4580 
2016 1126022836.06 38.4695 -112.7853 3.10  -0.3  -0.9 06 1611260002 0.4790 
2016 1126022918.76 38.4695 -112.7853 3.10  -0.3  -0.8 06 1611260003 0.4610 
2016 1126022954.40 38.4695 -112.7853 3.10  -0.3  -1.1 06 1611260004 0.2830 
2016 1126023358.24 38.4695 -112.7853 3.10  -0.3  -0.4 06 1611260005 0.5830 
2016 1128104853.20 38.4673 -112.7947 4.39   1.3  -0.1 36 1611280001 0.2550 
2016 1207173919.68 38.4677 -112.7892 2.44  -0.7  -1.2 58 1612070001 0.2580 
2016 1207181430.12 38.4677 -112.7892 2.44  -0.7  -1.0 58 1612070002 0.4140 
2016 1207221030.06 38.4680 -112.7912 3.12  -0.8  -1.1 53 1612070003 0.4010 
2016 1207232259.74 38.4678 -112.7969 5.34   1.5  -0.7 03 1612070004 0.3280 
2016 1207235921.38 38.4665 -112.7947 4.31   0.8  -1.4 44 1612070005 0.2860 
2016 1208235336.50 38.4674 -112.7935 3.90   0.1  -0.7 49 1612080001 0.2140 
2016 1208235457.10 38.4673 -112.7947 4.39   1.3  -0.2 36 1612080002 0.2350 
2016 1208235601.80 38.4673 -112.7947 4.39   1.3  -0.0 36 1612080003 0.2280 
2016 1208235635.91 38.4678 -112.7969 5.34   1.5  -0.7 03 1612080004 0.3300 
2016 1209023203.18 38.4677 -112.7892 2.44  -0.7  -0.9 58 1612090001 0.4130 
2016 1211185948.36 38.4685 -112.7930 3.65  -0.4  -1.2 38 1612110001 0.3500 
2016 1212073336.30 38.4671 -112.7894 2.44  -0.8  -1.2 71 1612120001 0.4550 
2016 1212083619.08 38.4670 -112.7915 3.25  -0.4  -1.2 63 1612120002 0.2900 
2016 1212094453.82 38.4671 -112.7913 3.17  -0.4  -0.9 59 1612120003 0.2930 
2016 1212104230.94 38.4671 -112.7894 2.44  -0.8  -1.4 71 1612120004 0.3860 
2016 1212104600.48 38.4671 -112.7894 2.44  -0.8  -1.3 71 1612120005 0.4530 
2016 1212110600.96 38.4677 -112.7892 2.44  -0.7  -1.1 58 1612120006 0.2610 
2016 1212110914.78 38.4677 -112.7892 2.44  -0.7  -1.0 58 1612120007 0.2670 
2016 1212111524.98 38.4678 -112.7969 5.34   1.5  -0.2 03 1612120008 0.3580 
2016 1212114354.03 38.4671 -112.7894 2.44  -0.8  -1.6 71 1612120009 0.3740 
2016 1213223431.60 38.4691 -112.7908 4.45  -0.4  -0.8 10 1612130001 0.2920 
2016 1214014243.38 38.4679 -112.7962 5.32   1.4  -0.7 05 1612140001 0.3780 
2016 1219061142.00 38.4677 -112.7892 2.44  -0.7  -1.5 58 1612190001 0.3480 
2016 1219061253.14 38.4658 -112.7907 2.86   0.2  -0.8 08 1612190002 0.5640 
2016 1219061308.14 38.4671 -112.7894 2.44  -0.8  -1.8 71 1612190003 0.3830 
2016 1219063033.98 38.4658 -112.7907 2.86   0.2  -1.3 08 1612190004 0.3190 
2016 1219063041.48 38.4658 -112.7907 2.86   0.2  -1.0 08 1612190005 0.6170 
2016 1219065008.56 38.4658 -112.7907 2.86   0.2  -0.9 08 1612190006 0.5910 
2016 1219072751.54 38.4658 -112.7907 2.86   0.2  -0.8 08 1612190007 0.6610 
2016 1219082408.10 38.4658 -112.7907 2.86   0.2  -1.3 08 1612190008 0.5560 
2016 1219095330.46 38.4660 -112.7899 2.60  -0.3  -1.8 07 1612190009 0.3210 
2016 1219101943.88 38.4658 -112.7907 2.86   0.2  -0.9 08 1612190010 0.7270 
2016 1219101949.80 38.4658 -112.7907 2.86   0.2  -1.7 08 1612190011 0.3590 
2016 1219105503.52 38.4658 -112.7907 2.86   0.2  -1.0 08 1612190012 0.5440 
2016 1219124945.14 38.4658 -112.7907 2.86   0.2  -1.7 08 1612190013 0.2750 
2016 1219140741.68 38.4658 -112.7907 2.86   0.2  -1.5 08 1612190014 0.3820 
2016 1219164224.54 38.4671 -112.7894 2.44  -0.8  -1.7 71 1612190015 0.3650 
2016 1222025146.12 38.4677 -112.7892 2.44  -0.7  -0.9 58 1612220001 0.3280 
2016 1222030837.72 38.4665 -112.7947 4.31   0.8  -1.2 44 1612220002 0.3120 
2016 1222055507.68 38.4677 -112.7890 2.38  -0.3  -0.9 72 1612220003 0.3700 
2016 1222092159.84 38.4665 -112.7900 2.59   0.1  -1.2 23 1612220004 0.3080 
2016 1224142823.96 38.4677 -112.7892 2.44  -0.7  -1.3 58 1612240001 0.3740 
2016 1224181048.44 38.4678 -112.7969 5.34   1.5  -0.8 03 1612240002 0.3180 
2016 1224195210.72 38.4677 -112.7892 2.44  -0.7  -0.3 58 1612240003 0.2970 
2016 1224201954.50 38.4677 -112.7890 2.38  -0.3  -1.2 72 1612240004 0.3990 
2016 1224220132.18 38.4677 -112.7892 2.44  -0.7  -0.6 58 1612240005 0.6060 
2016 1225012247.90 38.4658 -112.7907 2.86   0.2  -1.0 08 1612250001 0.3510 
2016 1225044611.34 38.4671 -112.7894 2.44  -0.8  -1.6 71 1612250002 0.4250 
2016 1225090938.70 38.4673 -112.7947 4.39   1.3   0.1 36 1612250003 0.3040 
2016 1228035113.22 38.4698 -112.7871 1.27  -0.1  -0.4 19 1612280001 0.3350 
2016 1228042728.56 38.4691 -112.7908 4.45  -0.4  -0.9 10 1612280002 0.2900 
2016 1228045920.66 38.4680 -112.7960 5.31   1.3  -0.8 14 1612280003 0.2790 
2016 1228051459.98 38.4691 -112.7908 4.45  -0.4  -0.7 10 1612280004 0.3640 
2016 1228062623.26 38.4678 -112.7989 5.55   0.1  -0.4 11 1612280005 0.3970 
2016 1228151139.73 38.4691 -112.7908 4.45  -0.4  -0.6 10 1612280006 0.3810 
2016 1229071257.56 38.4678 -112.7989 5.55   0.1  -1.2 11 1612290001 0.2980 
2016 1229073842.46 38.4678 -112.7989 5.55   0.1  -1.0 11 1612290002 0.3450 
2016 1229075820.40 38.4691 -112.7908 4.45  -0.4  -1.3 10 1612290003 0.3490 
2016 1229082523.04 38.4678 -112.7989 5.55   0.1  -1.2 11 1612290004 0.3230 
2016 1229083413.34 38.4691 -112.7908 4.45  -0.4  -1.2 10 1612290005 0.4310 
2016 1229084312.04 38.4691 -112.7908 4.45  -0.4  -0.9 10 1612290006 0.5670 
2016 1229084701.38 38.4691 -112.7908 4.45  -0.4  -1.2 10 1612290007 0.3670 
2016 1229085530.74 38.4691 -112.7908 4.45  -0.4  -1.3 10 1612290008 0.3150 
2016 1229091234.56 38.4691 -112.7908 4.45  -0.4  -1.4 10 1612290009 0.2820 
2016 1229091445.52 38.4678 -112.7989 5.55   0.1  -1.0 11 1612290010 0.3620 
2016 1229092156.64 38.4691 -112.7908 4.45  -0.4  -0.9 10 1612290011 0.4560 
2016 1229094732.72 38.4691 -112.7908 4.45  -0.4  -1.3 10 1612290012 0.2720 
2016 1229095959.68 38.4691 -112.7908 4.45  -0.4  -0.8 10 1612290013 0.5940 
2016 1229103420.62 38.4691 -112.7908 4.45  -0.4  -1.5 10 1612290014 0.3010 
2016 1229103724.04 38.4691 -112.7908 4.45  -0.4  -1.6 10 1612290015 0.3110 
2016 1229104111.44 38.4691 -112.7908 4.45  -0.4  -1.3 10 1612290016 0.3910 
2016 1229104548.18 38.4678 -112.7989 5.55   0.1  -1.1 11 1612290017 0.3320 
2016 1229105524.58 38.4691 -112.7908 4.45  -0.4  -1.4 10 1612290018 0.4050 
2016 1229111207.26 38.4691 -112.7908 4.45  -0.4  -1.3 10 1612290019 0.3700 
2016 1229114051.26 38.4691 -112.7908 4.45  -0.4  -0.9 10 1612290020 0.5700 
2016 1229120740.09 38.4691 -112.7908 4.45  -0.4  -1.4 10 1612290021 0.4080 
2016 1231033928.50 38.4691 -112.7908 4.45  -0.4  -0.6 10 1612310001 0.4680 
2017 0101125054.56 38.4679 -112.7961 4.88   1.1  -1.5 39 1701010001 0.3290 
2017 0101171115.06 38.4676 -112.7968 5.32   1.0  -1.6 04 1701010002 0.3770 
2017 0101222428.94 38.4673 -112.7947 4.39   1.3  -1.1 36 1701010006 0.2770 
2017 0103095736.52 38.4691 -112.7908 4.45  -0.4  -0.8 10 1701030001 0.3450 
2017 0106222134.58 38.4678 -112.7989 5.55   0.1  -1.0 11 1701060001 0.4190 
2017 0106235001.10 38.4678 -112.7989 5.55   0.1  -1.2 11 1701060002 0.3590 
2017 0118015402.42 38.4691 -112.7908 4.45  -0.4  -1.0 10 1701180001 0.4330 
2017 0118023229.58 38.4691 -112.7908 4.45  -0.4  -1.3 10 1701180002 0.3240 
2017 0309102406.46 38.4677 -112.7892 2.44  -0.7  -1.5 58 1703090001 0.3260 
2017 0311110715.76 38.4693 -112.7955 4.78   0.3  -0.9 31 1703110001 0.2660 
2017 0311110744.44 38.4676 -112.7968 5.32   1.0  -0.5 04 1703110002 0.5320 
2017 0311110816.80 38.4678 -112.7989 5.55   0.1  -0.4 11 1703110003 0.6870 
2017 0311110830.30 38.4676 -112.7968 5.32   1.0  -0.5 04 1703110004 0.3470 
2017 0311111622.02 38.4678 -112.7989 5.55   0.1  -0.9 11 1703110005 0.2820 
2017 0311113640.46 38.4678 -112.7989 5.55   0.1  -0.9 11 1703110006 0.5130 
2017 0316045822.08 38.4658 -112.7907 2.86   0.2  -0.9 08 1703160001 0.2720 
2017 0316093038.20 38.4671 -112.7894 2.44  -0.8  -1.3 71 1703160002 0.5060 
2017 0316095830.02 38.4669 -112.7910 3.06  -0.4  -1.5 70 1703160003 0.2990 
2017 0316104611.80 38.4678 -112.7969 5.34   1.5  -0.5 03 1703160004 0.3290 
2017 0316110802.96 38.4677 -112.7892 2.44  -0.7  -1.3 58 1703160005 0.3450 
2017 0316124542.51 38.4677 -112.7892 2.44  -0.7  -0.9 58 1703160006 0.5320 
2017 0324044052.26 38.4673 -112.7947 4.39   1.3  -0.8 36 1703240001 0.2630 
2017 0325065142.96 38.4680 -112.7960 5.31   1.3  -1.2 14 1703250001 0.2570 
2017 0326151429.98 38.4677 -112.7892 2.44  -0.7  -1.1 58 1703260001 0.2950 
2017 0326151537.24 38.4664 -112.7945 4.02  -0.0  -0.5 73 1703260002 0.2860 
2017 0326151551.02 38.4680 -112.7960 5.31   1.3  -0.2 14 1703260003 0.2700 
2017 0326152004.66 38.4680 -112.7924 3.66   0.4  -0.3 34 1703260004 0.2930 
2017 0326154739.36 38.4677 -112.7892 2.44  -0.7  -1.3 58 1703260005 0.4730 
2017 0326154750.56 38.4682 -112.7903 2.81  -0.6  -1.6 57 1703260006 0.4630 
2017 0326184904.14 38.4682 -112.7903 2.81  -0.6  -1.5 57 1703260007 0.5020 
2017 0326194848.96 38.4680 -112.7960 5.31   1.3  -1.5 14 1703260008 0.3640 
2017 0326195517.05 38.4678 -112.7989 5.55   0.1  -0.8 11 1703260009 0.4780 
2017 0330161025.76 38.4683 -112.7887 2.23   0.3  -1.3 40 1703300001 0.4070 
2017 0402202150.68 38.4673 -112.7947 4.39   1.3  -0.5 36 1704020001 0.2760 
2017 0506025631.78 38.4645 -112.8015 5.49  -0.3  -1.0 12 1705060001 0.2480 
2017 0521005559.36 38.4660 -112.7899 2.60  -0.3  -0.9 07 1705210001 0.2530 
2017 0521005610.86 38.4660 -112.7899 2.60  -0.3  -0.8 07 1705210002 0.2550 
2017 0521005701.14 38.4653 -112.8020 4.70  -1.0  -1.2 13 1705210003 0.3540 
2017 0521013212.52 38.4653 -112.8020 4.70  -1.0  -0.9 13 1705210004 0.4820 
2017 0521042124.74 38.4645 -112.8015 5.49  -0.3  -1.0 12 1705210005 0.5150 
2017 0521070235.94 38.4645 -112.8015 5.49  -0.3  -1.8 12 1705210006 0.5360 
2017 0521080727.24 38.4645 -112.8015 5.49  -0.3  -1.3 12 1705210007 0.6870 
2017 0521082232.30 38.4653 -112.8020 4.70  -1.0  -1.7 13 1705210009 0.5120 
2017 0521082237.48 38.4645 -112.8015 5.49  -0.3  -1.8 12 1705210010 0.2210 
2017 0521082351.92 38.4645 -112.8015 5.49  -0.3  -1.7 12 1705210011 0.5780 
2017 0521083714.18 38.4653 -112.8020 4.70  -1.0  -1.3 13 1705210012 0.5900 
2017 0521083723.28 38.4645 -112.8015 5.49  -0.3  -1.4 12 1705210013 0.7870 
2017 0521083742.20 38.4645 -112.8015 5.49  -0.3  -1.6 12 1705210015 0.6450 
2017 0521083752.74 38.4653 -112.8020 4.70  -1.0  -1.4 13 1705210016 0.6680 
2017 0521083758.00 38.4653 -112.8020 4.70  -1.0  -1.8 13 1705210017 0.4320 
2017 0521083812.20 38.4645 -112.8015 5.49  -0.3  -1.7 12 1705210018 0.2310 
2017 0521083849.54 38.4645 -112.8015 5.49  -0.3  -1.8 12 1705210019 0.3330 
2017 0521083924.20 38.4653 -112.8020 4.70  -1.0  -1.8 13 1705210020 0.4400 
2017 0521084903.74 38.4653 -112.8020 4.70  -1.0  -1.8 13 1705210022 0.4200 
2017 0521085638.38 38.4641 -112.8014 5.49   0.8  -1.5 24 1705210023 0.2620 
2017 0521090313.28 38.4653 -112.8020 4.70  -1.0  -2.0 13 1705210024 0.3020 
2017 0521091338.18 38.4645 -112.8015 5.49  -0.3  -1.7 12 1705210025 0.3890 
2017 0521092152.98 38.4658 -112.7907 2.86   0.2  -1.3 08 1705210026 0.3030 
2017 0521104959.06 38.4653 -112.8020 4.70  -1.0  -1.7 13 1705210027 0.3340 
2017 0521120331.76 38.4658 -112.7907 2.86   0.2  -1.1 08 1705210028 0.3560 
2017 0521121623.96 38.4645 -112.8015 5.49  -0.3  -1.7 12 1705210029 0.3520 
2017 0521122744.12 38.4645 -112.8015 5.49  -0.3  -1.9 12 1705210030 0.2850 
2017 0521122813.26 38.4658 -112.7907 2.86   0.2  -1.1 08 1705210031 0.4020 
2017 0521123919.90 38.4658 -112.7907 2.86   0.2  -1.1 08 1705210032 0.2850 
2017 0521123925.16 38.4645 -112.8015 5.49  -0.3  -1.8 12 1705210033 0.2490 
2017 0521123939.20 38.4653 -112.8020 4.70  -1.0  -1.8 13 1705210034 0.3940 
2017 0521124014.44 38.4645 -112.8015 5.49  -0.3  -1.2 12 1705210035 0.7090 
2017 0521124034.36 38.4645 -112.8015 5.49  -0.3  -1.7 12 1705210036 0.4240 
2017 0521140548.06 38.4653 -112.8020 4.70  -1.0  -1.1 13 1705210037 0.6200 
2017 0521152239.59 38.4658 -112.7907 2.86   0.2  -1.0 08 1705210038 0.3600 
2017 0522150647.78 38.4677 -112.7890 2.38  -0.3  -0.9 72 1705220001 0.4680 
2017 0523034121.70 38.4665 -112.7900 2.59   0.1  -0.5 23 1705230001 0.3410 
2017 0523035359.20 38.4665 -112.7900 2.59   0.1  -0.5 23 1705230002 0.4130 
2017 0523053318.20 38.4698 -112.7871 1.27  -0.1  -0.8 19 1705230003 0.3660 
2017 0527070039.24 38.4686 -112.7892 3.60  -0.1  -0.1 18 1705270001 0.7190 
2017 0527070156.18 38.4680 -112.7960 5.31   1.3  -0.2 14 1705270002 0.7730 
2017 0527070342.88 38.4694 -112.7879 2.18  -0.4  -1.1 15 1705270003 0.4260 
2017 0527071754.20 38.4680 -112.7960 5.31   1.3  -0.9 14 1705270004 0.5730 
2017 0527072027.38 38.4694 -112.7879 2.18  -0.4  -0.6 15 1705270005 0.5490 
2017 0527072115.00 38.4686 -112.7892 3.60  -0.1  -0.8 18 1705270006 0.3600 
2017 0527072158.38 38.4680 -112.7960 5.31   1.3  -1.1 14 1705270007 0.2780 
2017 0527072205.16 38.4694 -112.7879 2.18  -0.4  -0.9 15 1705270008 0.6370 
2017 0527072221.28 38.4680 -112.7960 5.31   1.3  -0.2 14 1705270009 0.7360 
2017 0527072354.68 38.4680 -112.7960 5.31   1.3  -0.7 14 1705270010 0.6330 
2017 0527072534.08 38.4694 -112.7879 2.18  -0.4  -0.7 15 1705270011 0.6670 
2017 0527072728.86 38.4681 -112.7908 3.91   0.2  -1.0 17 1705270012 0.2770 
2017 0527084225.70 38.4694 -112.7879 2.18  -0.4  -1.1 15 1705270013 0.5660 
2017 0527100555.16 38.4676 -112.7968 5.32   1.0  -0.8 04 1705270014 0.3590 
2017 0527100601.48 38.4676 -112.7968 5.32   1.0  -0.5 04 1705270015 0.6350 
2017 0527103456.56 38.4686 -112.7892 3.60  -0.1  -0.9 18 1705270016 0.3460 
2017 0527114500.70 38.4676 -112.7968 5.32   1.0  -0.8 04 1705270017 0.3670 
2017 0527115032.64 38.4678 -112.7969 5.34   1.5  -0.3 03 1705270018 0.3740 
2017 0527121654.24 38.4676 -112.7968 5.32   1.0  -0.7 04 1705270019 0.6220 
2017 0527121709.04 38.4694 -112.7879 2.18  -0.4  -1.1 15 1705270020 0.4960 
2017 0527152206.82 38.4680 -112.7960 5.31   1.3  -0.7 14 1705270021 0.3090 
2017 0527154322.78 38.4691 -112.7908 4.45  -0.4  -0.9 10 1705270022 0.2910 
2017 0527171651.25 38.4680 -112.7960 5.31   1.3  -0.6 14 1705270023 0.6000 
2017 0528034927.96 38.4680 -112.7960 5.31   1.3  -1.2 14 1705280001 0.2970 
2017 0528035316.88 38.4673 -112.7947 4.39   1.3  -0.3 36 1705280002 0.3060 
2017 0528090418.72 38.4698 -112.7871 1.27  -0.1  -1.0 19 1705280003 0.2540 
2017 0528150153.12 38.4680 -112.7941 4.20  -0.6  -1.5 20 1705280004 0.3050 
2017 0528190214.32 38.4680 -112.7941 4.20  -0.6  -0.8 20 1705280005 0.3300 
2017 0529073113.94 38.4679 -112.7961 4.88   1.1  -0.8 39 1705290001 0.4960 
2017 0530182701.08 38.4680 -112.7941 4.20  -0.6  -1.3 20 1705300001 0.3080 
2017 0530231805.28 38.4673 -112.7947 4.39   1.3  -0.1 36 1705300002 0.2330 
2017 0531035437.22 38.4680 -112.7960 5.31   1.3  -1.3 14 1705310001 0.3460 
2017 0531062427.48 38.4686 -112.7892 3.60  -0.1  -0.9 18 1705310002 0.4230 
2017 0531171816.98 38.4680 -112.7960 5.31   1.3  -0.7 14 1705310003 0.3940 
2017 0531201242.08 38.4686 -112.7892 3.60  -0.1  -0.6 18 1705310004 0.4010 
2017 0601071312.74 38.4673 -112.7947 4.39   1.3  -0.3 36 1706010001 0.4060 
2017 0601203740.13 38.4676 -112.7968 5.32   1.0  -0.7 04 1706010002 0.2900 
2017 0604155152.00 38.4686 -112.7892 3.60  -0.1  -0.7 18 1706040001 0.4740 
2017 0605042608.30 38.4694 -112.7879 2.18  -0.4  -1.0 15 1706050001 0.4160 
2017 0605063625.30 38.4698 -112.7871 1.27  -0.1  -0.4 19 1706050002 0.2830 
2017 0605063743.18 38.4680 -112.7960 5.31   1.3  -0.7 14 1706050003 0.2690 
2017 0605064906.42 38.4678 -112.7989 5.55   0.1  -0.5 11 1706050004 0.3380 
2017 0605065457.44 38.4686 -112.7892 3.60  -0.1  -0.7 18 1706050005 0.4270 
2017 0605070347.82 38.4686 -112.7892 3.60  -0.1  -0.7 18 1706050006 0.3620 
2017 0605102737.50 38.4676 -112.7968 5.32   1.0  -0.0 04 1706050007 0.3400 
2017 0605162347.70 38.4678 -112.7989 5.55   0.1  -0.7 11 1706050008 0.4040 
2017 0605184050.02 38.4676 -112.7968 5.32   1.0  -0.3 04 1706050009 0.3300 
2017 0605194406.98 38.4680 -112.7960 5.31   1.3  -0.5 14 1706050010 0.2900 
2017 0607044309.50 38.4676 -112.7968 5.32   1.0  -0.8 04 1706070001 0.3380 
2017 0611201550.44 38.4686 -112.7892 3.60  -0.1  -0.4 18 1706110001 0.3860 
2017 0611201600.32 38.4685 -112.7930 3.65  -0.4  -0.7 38 1706110002 0.4000 
2017 0612221452.58 38.4676 -112.7968 5.32   1.0  -0.5 04 1706120001 0.3250 
2017 0612222447.64 38.4678 -112.7969 5.34   1.5  -0.5 03 1706120002 0.3470 
2017 0612222522.32 38.4658 -112.7907 2.86   0.2  -0.6 08 1706120003 0.2370 
2017 0612222756.26 38.4660 -112.7899 2.60  -0.3  -0.7 07 1706120004 0.2130 
2017 0613010739.46 38.4673 -112.7947 4.39   1.3  -0.1 36 1706130001 0.2340 
2017 0616035807.68 38.4686 -112.7892 3.60  -0.1  -0.2 18 1706160001 0.6820 
2017 0618160303.08 38.4676 -112.7968 5.32   1.0  -0.7 04 1706180001 0.3470 
2017 0618162001.14 38.4678 -112.7969 5.34   1.5  -0.8 03 1706180002 0.3350 
2017 0618172518.08 38.4676 -112.7968 5.32   1.0  -0.6 04 1706180003 0.3920 
2017 0619002251.78 38.4698 -112.7871 1.27  -0.1   0.3 19 1706190001 0.5960 
2017 0619033733.14 38.4694 -112.7879 2.18  -0.4  -0.2 15 1706190002 0.4420 
2017 0619035357.28 38.4678 -112.7989 5.55   0.1  -0.6 11 1706190003 0.2660 
2017 0619041730.92 38.4686 -112.7892 3.60  -0.1  -0.6 18 1706190004 0.3880 
2017 0619131520.20 38.4680 -112.7941 4.20  -0.6  -1.2 20 1706190005 0.2520 
2017 0619134500.54 38.4680 -112.7941 4.20  -0.6  -0.8 20 1706190006 0.5690 
2017 0619145657.76 38.4673 -112.7947 4.39   1.3  -0.3 36 1706190007 0.4110 
2017 0619154801.12 38.4680 -112.7960 5.31   1.3  -0.6 14 1706190008 0.3810 
2017 0619161258.88 38.4680 -112.7960 5.31   1.3  -0.6 14 1706190009 0.2740 
2017 0620131707.06 38.4680 -112.7941 4.20  -0.6  -0.7 20 1706200001 0.3740 
2017 0620164400.71 38.4680 -112.7941 4.20  -0.6  -1.2 20 1706200002 0.4100 
2017 0621074401.52 38.4680 -112.7941 4.20  -0.6  -1.4 20 1706210001 0.3480 
2017 0622064125.58 38.4698 -112.7871 1.27  -0.1  -1.0 19 1706220001 0.3310 
2017 0624114512.58 38.4698 -112.7871 1.27  -0.1  -0.8 19 1706240001 0.3370 
2017 0624150636.24 38.4673 -112.7947 4.39   1.3  -0.4 36 1706240002 0.3280 
2017 0625023932.22 38.4680 -112.7941 4.20  -0.6  -0.5 20 1706250001 0.4540 
2017 0702085419.88 38.4665 -112.7947 4.31   0.8  -0.8 44 1707020001 0.6740 
2017 0702090315.64 38.4665 -112.7947 4.31   0.8  -0.9 44 1707020002 0.5590 
2017 0702092404.28 38.4685 -112.7930 3.65  -0.4  -1.2 38 1707020003 0.9160 
2017 0702135039.40 38.4685 -112.7930 3.65  -0.4  -1.5 38 1707020004 0.8170 
2017 0708120140.64 38.4676 -112.7962 3.97  -0.7  -0.9 33 1707080001 0.2150 
2017 0716131932.24 38.4680 -112.7960 5.31   1.3  -1.2 14 1707160001 0.3190 
2017 0716160203.19 38.4686 -112.7892 3.60  -0.1  -0.8 18 1707160002 0.3860 
2017 0722071811.98 38.4686 -112.7886 2.21  -0.9  -1.6 45 1707220001 0.3960 
2017 0722090344.70 38.4686 -112.7886 2.21  -0.9  -1.2 45 1707220002 0.6010 
2017 0722094140.26 38.4673 -112.7947 4.39   1.3   0.3 36 1707220003 0.6110 
2017 0722112737.02 38.4679 -112.7961 4.88   1.1  -1.1 39 1707220004 0.3530 
2017 0725003015.00 38.4676 -112.7968 5.32   1.0  -0.6 04 1707250001 0.2960 
2017 0726012515.24 38.4673 -112.7947 4.39   1.3  -0.4 36 1707260001 0.2980 
2017 0726085944.14 38.4676 -112.7968 5.32   1.0  -0.8 04 1707260002 0.2900 
2017 0726112029.70 38.4666 -112.7940 3.99   0.4  -1.2 56 1707260003 0.2000 
2017 0727064045.26 38.4676 -112.7968 5.32   1.0  -1.0 04 1707270001 0.3020 
2017 0822065648.34 38.4680 -112.7941 4.20  -0.6  -0.8 20 1708220001 0.2890 
2017 0829071403.10 38.4678 -112.7969 5.34   1.5  -1.0 03 1708290001 0.4330 
2017 0829072750.16 38.4682 -112.7903 2.81  -0.6  -1.5 57 1708290002 0.3840 
2017 0829103632.10 38.4680 -112.7912 3.12  -0.8  -0.7 53 1708290003 0.5850 
2017 0829115626.32 38.4679 -112.7961 4.88   1.1  -1.1 39 1708290004 0.2650 
2017 0829122028.96 38.4682 -112.7903 2.81  -0.6  -0.9 57 1708290005 0.6420 
2017 0829122332.64 38.4678 -112.7969 5.34   1.5  -0.4 03 1708290006 0.3720 
2017 0829125935.70 38.4680 -112.7912 3.12  -0.8  -1.4 53 1708290007 0.3570 
2017 0829131750.98 38.4679 -112.7961 4.88   1.1  -1.0 39 1708290008 0.3200 
2017 0829143220.42 38.4686 -112.7886 2.21  -0.9  -1.3 45 1708290009 0.5030 
2017 0829154346.60 38.4682 -112.7903 2.81  -0.6  -1.8 57 1708290010 0.3030 
2017 0829231041.46 38.4685 -112.7930 3.65  -0.4  -0.4 38 1708290011 0.6170 
2017 0830071613.80 38.4669 -112.7910 3.06  -0.4  -1.6 70 1708300001 0.3310 
2017 0830082227.50 38.4665 -112.7900 2.59   0.1  -1.4 23 1708300002 0.4770 
2017 0830093943.40 38.4665 -112.7900 2.59   0.1  -1.3 23 1708300003 0.4580 
2017 0830100017.00 38.4665 -112.7900 2.59   0.1  -1.1 23 1708300004 0.4530 
2017 0830111540.54 38.4665 -112.7900 2.59   0.1  -1.3 23 1708300005 0.3450 
2017 0830111611.68 38.4665 -112.7900 2.59   0.1  -0.6 23 1708300006 0.7140 
2017 0830111637.28 38.4665 -112.7900 2.59   0.1  -0.9 23 1708300007 0.4820 
2017 0830111704.08 38.4676 -112.7874 2.00   0.0  -1.3 61 1708300008 0.2890 
2017 0830112650.40 38.4671 -112.7894 2.44  -0.8  -1.6 71 1708300009 0.3460 
2017 0830113552.66 38.4665 -112.7900 2.59   0.1  -1.4 23 1708300010 0.3260 
2017 0830123710.30 38.4665 -112.7900 2.59   0.1  -0.7 23 1708300011 0.6920 
2017 0830124316.70 38.4665 -112.7900 2.59   0.1  -1.2 23 1708300012 0.3860 
2017 0830124330.18 38.4669 -112.7910 3.06  -0.4  -1.4 70 1708300013 0.4030 
2017 0830124500.96 38.4665 -112.7900 2.59   0.1  -1.1 23 1708300014 0.4520 
2017 0830134035.18 38.4665 -112.7900 2.59   0.1  -1.4 23 1708300015 0.4410 
2017 0830135118.82 38.4665 -112.7900 2.59   0.1  -1.1 23 1708300016 0.5970 
2017 0830143321.36 38.4665 -112.7900 2.59   0.1  -1.1 23 1708300017 0.5000 
2017 0830143406.24 38.4665 -112.7900 2.59   0.1  -1.1 23 1708300018 0.3840 
2017 0830143427.82 38.4665 -112.7900 2.59   0.1  -1.2 23 1708300019 0.4600 
2017 0830143435.39 38.4665 -112.7900 2.59   0.1  -1.2 23 1708300020 0.4930 
2017 0901125103.60 38.4671 -112.7894 2.44  -0.8  -1.6 71 1709010001 0.3740 
2017 0902004304.26 38.4659 -112.7924 3.31  -0.6  -0.9 22 1709020001 0.4760 
2017 0902004313.92 38.4641 -112.8014 5.49   0.8  -0.4 24 1709020002 0.6470 
2017 0902015408.66 38.4641 -112.8014 5.49   0.8  -1.0 24 1709020003 0.2040 
2017 0902035317.90 38.4665 -112.7900 2.59   0.1  -1.1 23 1709020004 0.4550 
2017 0903154001.82 38.4658 -112.7907 2.86   0.2  -1.1 08 1709030001 0.4320 
2017 0904035746.08 38.4671 -112.7894 2.44  -0.8  -1.9 71 1709040001 0.3470 
2017 0904201830.24 38.4665 -112.7900 2.59   0.1  -0.8 23 1709040002 0.4640 
2017 0905005619.10 38.4665 -112.7900 2.59   0.1  -0.9 23 1709050001 0.3780 
2017 0906024540.28 38.4665 -112.7900 2.59   0.1  -0.9 23 1709060001 0.3750 
2017 0927064200.32 38.4673 -112.7947 4.39   1.3  -0.3 36 1709270001 0.2290 
2017 0927064357.28 38.4686 -112.7892 3.60  -0.1  -1.0 18 1709270002 0.3310 
2017 0927071909.24 38.4685 -112.7930 3.65  -0.4  -1.1 38 1709270003 0.5190 
2017 1004094131.86 38.4677 -112.7892 2.44  -0.7  -1.7 58 1710040002 0.2660 
2017 1004104754.22 38.4653 -112.8020 4.70  -1.0  -1.3 13 1710040003 0.4580 
2017 1005152049.76 38.4695 -112.7853 3.10  -0.3  -1.5 06 1710050002 0.3840 
2017 1005152055.52 38.4698 -112.7858 1.58  -0.4  -1.3 25 1710050003 0.3630 
2017 1005152200.38 38.4680 -112.7941 4.20  -0.6  -1.4 20 1710050004 0.2970 
2017 1005172337.90 38.4698 -112.7842 2.04  -0.2  -1.3 37 1710050005 0.2670 
2017 1005235038.94 38.4676 -112.7968 5.32   1.0  -0.6 04 1710050006 0.2990 
2017 1014072718.62 38.4682 -112.7903 2.81  -0.6  -1.0 57 1710140001 0.2610 
2017 1014091030.06 38.4653 -112.8020 4.70  -1.0  -0.8 13 1710140002 0.2790 
2017 1016235503.82 38.4660 -112.7899 2.60  -0.3  -0.8 07 1710160001 0.2060 
2018 0125023008.28 38.4681 -112.7908 3.91   0.2  -0.3 17 1801250001 0.2480 
2018 0125171752.56 38.4652 -112.7929 3.65   0.2  -0.5 09 1801250002 0.2760 
2018 0214040335.20 38.4670 -112.7915 3.25  -0.4  -1.4 63 1802140001 0.3030 
2018 0214041040.64 38.4665 -112.7947 4.31   0.8  -1.5 44 1802140002 0.2440 
2018 0214041048.69 38.4752 -112.7807 1.58  -0.2  -1.3 35 1802140003 0.3530 
2018 0225192609.74 38.4676 -112.7968 5.32   1.0  -1.1 04 1802250001 0.3340 
2018 0309200233.98 38.4676 -112.7968 5.32   1.0  -1.0 04 1803090001 0.3470 
2018 0309230520.76 38.4637 -112.7922 5.01   0.1  -0.7 30 1803090002 0.3350 
2018 0310001358.08 38.4643 -112.7892 4.14   0.3  -0.7 29 1803100001 0.3800 
2018 0310013441.62 38.4648 -112.7874 3.55  -0.1  -0.3 26 1803100002 0.3890 
2018 0310020241.60 38.4643 -112.7895 4.25   0.5  -0.5 28 1803100003 0.3480 
2018 0310020522.02 38.4643 -112.7895 4.25   0.5  -0.6 28 1803100004 0.5040 
2018 0310022102.36 38.4648 -112.7874 3.55  -0.1  -0.2 26 1803100005 0.4330 
2018 0310023926.76 38.4643 -112.7895 4.25   0.5  -0.0 28 1803100006 0.7210 
2018 0310024314.38 38.4643 -112.7895 4.25   0.5  -0.6 28 1803100007 0.2160 
2018 0310024344.14 38.4643 -112.7895 4.25   0.5  -0.6 28 1803100008 0.2790 
2018 0310024524.48 38.4643 -112.7895 4.25   0.5  -0.6 28 1803100009 0.2760 
2018 0310025738.08 38.4648 -112.7874 3.55  -0.1  -0.4 26 1803100010 0.3600 
2018 0310040032.10 38.4643 -112.7895 4.25   0.5  -0.5 28 1803100011 0.3910 
2018 0310051308.94 38.4648 -112.7874 3.55  -0.1  -0.3 26 1803100012 0.3920 
2018 0310081822.56 38.4643 -112.7895 4.25   0.5  -0.7 28 1803100013 0.5050 
2018 0310094916.48 38.4643 -112.7895 4.25   0.5  -1.2 28 1803100014 0.3300 
2018 0310102655.74 38.4643 -112.7895 4.25   0.5  -1.2 28 1803100015 0.3970 
2018 0310111453.34 38.4658 -112.7907 2.86   0.2  -1.4 08 1803100016 0.2650 
2018 0310125631.82 38.4637 -112.7922 5.01   0.1  -1.2 30 1803100017 0.3460 
2018 0310135925.62 38.4637 -112.7922 5.01   0.1  -1.1 30 1803100018 0.4790 
2018 0310140819.14 38.4643 -112.7895 4.25   0.5  -0.9 28 1803100019 0.4370 
2018 0310145305.56 38.4648 -112.7874 3.55  -0.1  -0.7 26 1803100020 0.4440 
2018 0310155049.72 38.4637 -112.7922 5.01   0.1  -0.6 30 1803100021 0.6870 
2018 0312045353.26 38.4640 -112.7911 4.53  -0.4  -0.9 27 1803120001 0.3850 
2018 0315022821.70 38.4643 -112.7892 4.14   0.3  -0.7 29 1803150001 0.1970 
2018 0316071455.24 38.4673 -112.7947 4.39   1.3  -0.2 36 1803160001 0.2630 
2018 0331043325.04 38.4680 -112.7960 5.31   1.3  -1.2 14 1803310001 0.4050 
2018 0404054625.42 38.4677 -112.7892 2.44  -0.7  -1.5 58 1804040001 0.4160 
2018 0404225706.78 38.4678 -112.7989 5.55   0.1  -0.7 11 1804040002 0.4390 
2018 0409072253.56 38.4658 -112.7907 2.86   0.2  -1.6 08 1804090001 0.4100 
2018 0409113647.18 38.4673 -112.7947 4.39   1.3  -0.2 36 1804090002 0.3610 
2018 0409113655.68 38.4678 -112.7989 5.55   0.1  -1.1 11 1804090003 0.4260 
2018 0409113725.80 38.4680 -112.7960 5.31   1.3  -0.9 14 1804090004 0.4540 
2018 0409131423.90 38.4680 -112.7960 5.31   1.3  -1.1 14 1804090005 0.4230 
2018 0409231147.40 38.4680 -112.7960 5.31   1.3  -0.1 14 1804090006 0.4430 
2018 0410012125.26 38.4680 -112.7960 5.31   1.3  -1.0 14 1804100001 0.4270 
2018 0410021150.90 38.4677 -112.7892 2.44  -0.7  -2.0 58 1804100002 0.5450 
2018 0410101401.72 38.4678 -112.7989 5.55   0.1  -1.3 11 1804100003 0.4440 
2018 0410101500.14 38.4678 -112.7989 5.55   0.1  -1.0 11 1804100004 0.4380 
2018 0410104632.22 38.4676 -112.7968 5.32   1.0  -1.4 04 1804100005 0.3450 
2018 0427162751.16 38.4677 -112.7892 2.44  -0.7  -1.7 58 1804270001 0.6120 
2018 0427162835.38 38.4677 -112.7892 2.44  -0.7  -1.1 58 1804270002 0.7160 
2018 0427162858.16 38.4698 -112.7858 1.58  -0.4  -0.9 25 1804270003 0.6780 
2018 0427162904.98 38.4680 -112.7912 3.12  -0.8   0.3 53 1804270004 0.8770 
2018 0427163356.36 38.4677 -112.7892 2.44  -0.7  -1.3 58 1804270005 0.5810 
2018 0427164349.64 38.4677 -112.7892 2.44  -0.7  -1.1 58 1804270006 0.6630 
2018 0506062935.64 38.4680 -112.7960 5.31   1.3  -1.0 14 1805060001 0.4090 
2018 0511002937.88 38.4678 -112.7989 5.55   0.1  -0.6 11 1805110001 0.4300 
2018 0511002944.10 38.4685 -112.7930 3.65  -0.4  -1.3 38 1805110002 0.3950 
2018 0511002949.16 38.4676 -112.7962 3.97  -0.7  -0.8 33 1805110003 0.3170 
2018 0511003313.40 38.4676 -112.7962 3.97  -0.7  -1.4 33 1805110004 0.2820 
2018 0511003421.34 38.4678 -112.7969 5.34   1.5  -0.3 03 1805110005 0.3480 
2018 0511003611.70 38.4680 -112.7960 5.31   1.3  -0.5 14 1805110006 0.4140 
2018 0511003622.04 38.4676 -112.7962 3.97  -0.7  -1.1 33 1805110007 0.3540 
2018 0511003643.14 38.4678 -112.7989 5.55   0.1  -0.3 11 1805110008 0.4140 
2018 0511011359.26 38.4691 -112.7908 4.45  -0.4  -0.5 10 1805110009 0.3190 
2018 0511022323.22 38.4678 -112.7969 5.34   1.5   0.1 03 1805110010 0.3270 
2018 0511063543.56 38.4676 -112.7962 3.97  -0.7  -1.3 33 1805110011 0.2950 
2018 0522211434.76 38.4671 -112.7894 2.44  -0.8  -1.6 71 1805220001 0.5060 
2018 0522211457.42 38.4682 -112.7903 2.81  -0.6  -1.7 57 1805220002 0.4430 
2018 0522211504.68 38.4663 -112.7952 4.32  -0.1  -1.4 74 1805220003 0.3440 
2018 0523013929.98 38.4671 -112.7894 2.44  -0.8  -1.2 71 1805230001 0.6110 
2018 0523030810.92 38.4671 -112.7894 2.44  -0.8  -0.4 71 1805230002 0.7590 
2018 0523031312.10 38.4665 -112.7900 2.59   0.1  -1.1 23 1805230003 0.5390 
2018 0523031521.22 38.4665 -112.7900 2.59   0.1  -1.2 23 1805230004 0.5190 
2018 0523031658.98 38.4665 -112.7900 2.59   0.1  -1.4 23 1805230005 0.4450 
2018 0523032401.36 38.4677 -112.7892 2.44  -0.7  -1.1 58 1805230006 0.8060 
2018 0523032420.58 38.4658 -112.7907 2.86   0.2  -1.1 08 1805230007 0.3820 
2018 0523032648.10 38.4677 -112.7892 2.44  -0.7  -1.6 58 1805230008 0.5800 
2018 0523032710.96 38.4677 -112.7892 2.44  -0.7  -1.3 58 1805230009 0.7380 
2018 0523032802.78 38.4677 -112.7892 2.44  -0.7  -1.7 58 1805230010 0.5480 
2018 0523032827.12 38.4677 -112.7892 2.44  -0.7  -1.5 58 1805230011 0.5640 
2018 0523033016.50 38.4677 -112.7892 2.44  -0.7  -1.4 58 1805230012 0.5460 
2018 0523053752.86 38.4677 -112.7892 2.44  -0.7  -1.8 58 1805230013 0.5180 
2018 0523072640.06 38.4677 -112.7892 2.44  -0.7  -1.1 58 1805230014 0.8130 
2018 0523230806.11 38.4677 -112.7892 2.44  -0.7  -1.0 58 1805230015 0.5130 
2018 0525085917.86 38.4677 -112.7892 2.44  -0.7  -1.3 58 1805250001 0.5420 
2018 0528012828.92 38.4677 -112.7892 2.44  -0.7  -1.2 58 1805280001 0.4810 
2018 0530054551.64 38.4664 -112.7945 4.02  -0.0  -1.3 73 1805300001 0.3350 
2018 0530111830.64 38.4671 -112.7894 2.44  -0.8  -1.5 71 1805300002 0.5250 
2018 0530160129.12 38.4698 -112.7871 1.27  -0.1  -0.0 19 1805300003 0.5010 
2018 0602095329.37 38.4676 -112.7968 5.32   1.0  -0.1 04 1806020001 0.3080 
2018 0602133943.01 38.4665 -112.7937 3.99   0.3  -0.8 60 1806020002 0.3160 
2018 0605132004.36 38.4663 -112.7847 1.51  -9.0  -9.0 51 1806050001 0.4830 
2018 0606123354.02 38.4679 -112.7961 4.88   1.1  -0.5 39 1806060001 0.3310 
2018 0611042519.42 38.4671 -112.7894 2.44  -0.8   0.2 71 1806110001 0.5530 
2018 0611042626.24 38.4664 -112.7945 4.02  -0.0  -1.1 73 1806110002 0.4010 
2018 0611122450.40 38.4668 -112.7927 3.71   0.1  -1.1 67 1806110003 0.3850 
2018 0611122457.49 38.4677 -112.7892 2.44  -0.7  -1.7 58 1806110004 0.4780 
2018 0612014049.14 38.4671 -112.7894 2.44  -0.8  -0.8 71 1806120001 0.5650 
2018 0612103903.28 38.4678 -112.7989 5.55   0.1  -1.1 11 1806120003 0.4580 
2018 0627041802.74 38.4684 -112.7886 2.17  -0.6  -0.3 52 1806270001 0.3500 
2018 0819140102.58 38.4672 -112.7951 4.48   0.2  -1.3 42 1808190001 0.4250 
2018 0912234050.28 38.4678 -112.7969 5.34   1.5  -0.4 03 1809120001 0.4220 
2018 0913130720.68 38.4685 -112.7930 3.65  -0.4  -1.2 38 1809130001 0.3730 
2018 0913145552.70 38.4685 -112.7930 3.65  -0.4  -1.0 38 1809130002 0.4180 
2018 0913154550.42 38.4678 -112.7969 5.34   1.5  -0.2 03 1809130003 0.3920 
2018 0913154936.58 38.4678 -112.7969 5.34   1.5  -0.3 03 1809130004 0.3520 
2018 0913163854.44 38.4685 -112.7930 3.65  -0.4  -1.2 38 1809130005 0.3790 
2018 0913164037.92 38.4698 -112.7858 1.58  -0.4  -0.4 25 1809130006 0.5210 
2018 0913164047.18 38.4685 -112.7930 3.65  -0.4  -0.9 38 1809130007 0.4470 
2018 0913164341.74 38.4685 -112.7930 3.65  -0.4  -0.6 38 1809130008 0.4530 
2018 0913171158.94 38.4678 -112.7969 5.34   1.5   0.2 03 1809130009 0.4310 
2018 0913172357.80 38.4678 -112.7969 5.34   1.5   0.2 03 1809130010 0.3980 
2018 0913175628.78 38.4685 -112.7930 3.65  -0.4  -0.8 38 1809130011 0.4090 
2018 0913175725.54 38.4676 -112.7962 3.97  -0.7  -0.8 33 1809130012 0.3310 
2018 0913182530.26 38.4678 -112.7969 5.34   1.5   1.2 03 1809130013 0.4140 
2018 0913200732.20 38.4679 -112.7961 4.88   1.1   0.0 39 1809130014 0.2400 
2018 0913204049.32 38.4698 -112.7858 1.58  -0.4  -0.4 25 1809130015 0.4060 
2018 0913221408.68 38.4685 -112.7930 3.65  -0.4  -0.4 38 1809130016 0.4980 
2018 0913234820.12 38.4678 -112.7969 5.34   1.5   1.1 03 1809130017 0.3980 
2018 0914030015.46 38.4680 -112.7912 3.12  -0.8  -0.7 53 1809140001 0.4560 
2018 0914045801.40 38.4685 -112.7930 3.65  -0.4  -1.0 38 1809140002 0.3580 
2018 0914073233.50 38.4673 -112.7947 4.39   1.3  -0.1 36 1809140003 0.2420 
2018 0928171914.36 38.4678 -112.7969 5.34   1.5  -0.9 03 1809280001 0.3130 
2018 1001020753.36 38.4678 -112.7969 5.34   1.5  -1.0 03 1810010001 0.3420 
2018 1001033016.24 38.4678 -112.7969 5.34   1.5  -1.0 03 1810010002 0.3330 
2018 1001090312.82 38.4673 -112.7947 4.39   1.3  -0.2 36 1810010003 0.2190 
2018 1001124348.74 38.4678 -112.7989 5.55   0.1  -0.9 11 1810010004 0.3120 
2018 1001125647.27 38.4676 -112.7874 2.00   0.0  -0.5 61 1810010005 0.2420 
2018 1008235425.58 38.4652 -112.7929 3.65   0.2  -0.8 09 1810080001 0.2820 
2018 1027061820.58 38.4678 -112.7969 5.34   1.5  -1.1 03 1810270001 0.3180 
2018 1027171955.30 38.4679 -112.7961 4.88   1.1  -1.2 39 1810270002 0.2890 
2018 1028042147.00 38.4678 -112.7969 5.34   1.5  -0.8 03 1810280001 0.3520 
2018 1028044444.14 38.4678 -112.7969 5.34   1.5  -0.7 03 1810280002 0.3200 
2018 1028102344.56 38.4672 -112.7943 4.22  -9.0 -11.0 43 1810200003 0.2510 
2018 1028135710.21 38.4678 -112.7969 5.34   1.5  -0.7 03 1810280004 0.4410 
2018 1102064745.94 38.4686 -112.7892 3.60  -0.1  -0.8 18 1811020001 0.4520 
2018 1102125231.20 38.4694 -112.7879 2.18  -0.4  -1.1 15 1811020002 0.4660 
2018 1102125301.64 38.4686 -112.7892 3.60  -0.1  -0.5 18 1811020003 0.4440 
2018 1102133011.56 38.4670 -112.7915 3.25  -0.4  -1.4 63 1811020004 0.2650 
2018 1102134928.10 38.4679 -112.7962 5.32   1.4  -0.7 05 1811020005 0.3320 
2018 1102184517.42 38.4676 -112.7962 3.97  -0.7  -0.9 33 1811020006 0.1900 
2018 1109141627.78 38.4671 -112.7906 2.92  -0.2  -1.3 64 1811090001 0.2290 
2018 1121221147.54 38.4685 -112.7930 3.65  -0.4  -1.5 38 1811210003 0.3250 
2018 1121224413.64 38.4678 -112.7969 5.34   1.5  -0.4 03 1811210004 0.3130 
2018 1121230647.42 38.4678 -112.7969 5.34   1.5  -0.1 03 1811210005 0.3090 
2018 1122002349.72 38.4682 -112.7903 2.81  -0.6  -0.9 57 1811220001 0.3900 
2018 1125041404.20 38.4676 -112.7968 5.32   1.0  -1.0 04 1811250001 0.4590 
2018 1125041712.84 38.4676 -112.7968 5.32   1.0  -1.3 04 1811250002 0.4620 
2018 1125053834.72 38.4676 -112.7968 5.32   1.0  -1.2 04 1811250003 0.5210 
2018 1128023903.98 38.4665 -112.7947 4.31   0.8  -1.2 44 1811280001 0.2420 
2018 1128033255.08 38.4671 -112.7894 2.44  -0.8  -1.4 71 1811280002 0.3390 
2018 1128033402.63 38.4669 -112.7910 3.06  -0.4  -0.8 70 1811280003 0.2750 
2019 0122145407.42 38.4678 -112.7969 5.34   1.5  -0.7 03 1901220001 0.3330 
2019 0127121745.28 38.4691 -112.7908 4.45  -0.4  -1.0 10 1901270001 0.2580 
2019 0128102938.64 38.4691 -112.7873 1.84   0.0  -0.9 16 1901280001 0.4090 
2019 0128225509.18 38.4678 -112.7969 5.34   1.5  -0.8 03 1901280002 0.3540 
2019 0210045530.78 38.4676 -112.7968 5.32   1.0   0.1 04 1902100001 0.3580 
2019 0226065233.66 38.4678 -112.7969 5.34   1.5  -1.2 03 1902260001 0.3200 
2019 0226212020.82 38.4680 -112.7960 5.31   1.3  -1.2 14 1902260002 0.2700 
2019 0315213827.50 38.4678 -112.7975 5.42   1.5  -0.4 01 1903150001 0.3230 
2019 0315215804.56 38.4678 -112.7969 5.34   1.5  -0.7 03 1903150002 0.3480 
2019 0315220941.72 38.4678 -112.7969 5.34   1.5  -0.7 03 1903150003 0.3860 
2019 0315221542.52 38.4678 -112.7969 5.34   1.5  -0.5 03 1903150004 0.3360 
2019 0315232732.06 38.4678 -112.7969 5.34   1.5  -0.4 03 1903150005 0.3580 
2019 0315234245.98 38.4693 -112.7955 4.78   0.3  -0.4 31 1903150006 0.4260 
2019 0316001334.82 38.4700 -112.7910 3.52   0.2  -0.3 32 1903160001 0.5640 
2019 0316003600.10 38.4693 -112.7955 4.78   0.3  -0.4 31 1903160002 0.5780 
2019 0316005904.60 38.4700 -112.7910 3.52   0.2  -0.3 32 1903160003 0.6170 
2019 0316010601.76 38.4679 -112.7961 4.88   1.1  -0.3 39 1903160004 0.2430 
2019 0316012001.42 38.4685 -112.7930 3.65  -0.4  -1.1 38 1903160005 0.4180 
2019 0316012639.24 38.4693 -112.7955 4.78   0.3  -0.1 31 1903160006 0.6540 
2019 0316015406.70 38.4693 -112.7955 4.78   0.3  -0.0 31 1903160007 0.6940 
2019 0316023009.44 38.4700 -112.7910 3.52   0.2  -0.4 32 1903160008 0.5610 
2019 0316030018.16 38.4693 -112.7955 4.78   0.3  -0.1 31 1903160009 0.6920 
2019 0316030554.08 38.4693 -112.7955 4.78   0.3  -0.7 31 1903160010 0.2820 
2019 0316034800.12 38.4693 -112.7955 4.78   0.3   0.1 31 1903160011 0.6980 
2019 0316041521.58 38.4693 -112.7955 4.78   0.3  -0.1 31 1903160012 0.7090 
2019 0316045736.34 38.4693 -112.7955 4.78   0.3  -0.2 31 1903160013 0.5290 
2019 0316052340.52 38.4693 -112.7955 4.78   0.3   0.2 31 1903160014 0.7470 
2019 0316054010.78 38.4693 -112.7955 4.78   0.3  -0.4 31 1903160015 0.3120 
2019 0316060948.36 38.4693 -112.7955 4.78   0.3  -0.6 31 1903160016 0.2250 
2019 0316072712.92 38.4693 -112.7955 4.78   0.3  -0.5 31 1903160017 0.3180 
2019 0316075305.48 38.4670 -112.7953 4.50   0.4  -1.2 48 1903160018 0.2180 
2019 0316091818.28 38.4693 -112.7955 4.78   0.3  -0.6 31 1903160019 0.4490 
2019 0316101344.70 38.4693 -112.7955 4.78   0.3  -0.5 31 1903160020 0.5840 
2019 0316104657.58 38.4700 -112.7910 3.52   0.2  -0.3 32 1903160021 0.6560 
2019 0316110222.00 38.4693 -112.7955 4.78   0.3  -0.8 31 1903160022 0.3550 
2019 0316110557.10 38.4693 -112.7955 4.78   0.3  -0.7 31 1903160023 0.2490 
2019 0316121455.44 38.4693 -112.7955 4.78   0.3  -0.8 31 1903160024 0.3330 
2019 0316142830.92 38.4700 -112.7910 3.52   0.2  -0.9 32 1903160025 0.3930 
2019 0316144248.48 38.4700 -112.7910 3.52   0.2  -0.3 32 1903160026 0.6400 
2019 0316160554.10 38.4700 -112.7910 3.52   0.2  -0.4 32 1903160027 0.6720 
2019 0316170939.60 38.4700 -112.7910 3.52   0.2  -0.9 32 1903160028 0.3280 
2019 0316171014.64 38.4700 -112.7910 3.52   0.2  -0.7 32 1903160029 0.4350 
2019 0316174004.30 38.4700 -112.7910 3.52   0.2  -0.2 32 1903160030 0.6140 
2019 0316181550.74 38.4693 -112.7955 4.78   0.3  -0.4 31 1903160031 0.3510 
2019 0316184942.76 38.4693 -112.7955 4.78   0.3  -0.4 31 1903160032 0.3530 
2019 0316212419.15 38.4693 -112.7955 4.78   0.3  -0.1 31 1903160033 0.5740 
2019 0318000234.44 38.4678 -112.7969 5.34   1.5  -0.9 03 1903180001 0.3680 
2019 0318002016.88 38.4678 -112.7969 5.34   1.5  -0.9 03 1903180002 0.3410 
2019 0318015252.00 38.4678 -112.7969 5.34   1.5  -0.8 03 1903180003 0.3540 
2019 0318021427.30 38.4678 -112.7969 5.34   1.5  -1.0 03 1903180004 0.3460 
2019 0319173236.06 38.4676 -112.7968 5.32   1.0  -0.8 04 1903190001 0.3130 
2019 0319200504.38 38.4676 -112.7968 5.32   1.0  -0.9 04 1903190002 0.2950 
2019 0428070223.24 38.4676 -112.7968 5.32   1.0  -1.3 04 1904280001 0.3800 
2019 0428070316.42 38.4676 -112.7968 5.32   1.0  -0.8 04 1904280002 0.4330 
2019 0428101143.92 38.4676 -112.7968 5.32   1.0  -1.3 04 1904280003 0.3160 
2019 0606040356.84 38.4752 -112.7807 1.58  -0.2  -1.4 35 1906060001 0.3040 
2019 0612073626.14 38.4658 -112.7907 2.86   0.2  -0.6 08 1906120001 0.2460 
2019 0813105210.66 38.4681 -112.7908 3.91   0.2  -1.0 17 1908130001 0.2530 
2019 0924035607.84 38.4678 -112.7969 5.34   1.5  -1.0 03 1909240001 0.3370 
2019 0924112404.64 38.4678 -112.7969 5.34   1.5  -1.1 03 1909240002 0.3720 
2019 0924144251.88 38.4678 -112.7969 5.34   1.5  -0.6 03 1909240003 0.4010 
2019 1005074602.38 38.4678 -112.7969 5.34   1.5   0.1 03 1910050003 0.3320 
2019 1005081701.08 38.4658 -112.7907 2.86   0.2  -0.9 08 1910050004 0.2210 
2019 1005082840.06 38.4685 -112.7930 3.65  -0.4  -1.1 38 1910050005 0.4620 
2019 1005083031.86 38.4652 -112.7929 3.65   0.2  -0.9 09 1910050006 0.3390 
2019 1005090705.62 38.4652 -112.7929 3.65   0.2  -0.9 09 1910050007 0.2940 
2019 1005091008.92 38.4652 -112.7929 3.65   0.2  -0.9 09 1910050008 0.3000 
2019 1005091543.26 38.4685 -112.7930 3.65  -0.4  -1.1 38 1910050009 0.4470 
2019 1005091551.60 38.4685 -112.7930 3.65  -0.4  -1.2 38 1910050010 0.4610 
2019 1005091949.04 38.4685 -112.7930 3.65  -0.4  -1.4 38 1910050011 0.4100 
2019 1005092142.10 38.4686 -112.7886 2.21  -0.9  -1.5 45 1910050012 0.3290 
2019 1005092928.78 38.4685 -112.7930 3.65  -0.4  -1.2 38 1910050013 0.4720 
2019 1005093016.52 38.4652 -112.7929 3.65   0.2  -0.7 09 1910050014 0.4550 
2019 1005093024.18 38.4652 -112.7929 3.65   0.2  -0.8 09 1910050015 0.2760 
2019 1005093034.72 38.4658 -112.7907 2.86   0.2  -0.9 08 1910050016 0.3010 
2019 1005093709.64 38.4678 -112.7969 5.34   1.5  -0.1 03 1910050017 0.3340 
2019 1005101226.34 38.4678 -112.7969 5.34   1.5   0.0 03 1910050018 0.4670 
2019 1005102624.42 38.4652 -112.7929 3.65   0.2  -0.7 09 1910050019 0.5330 
2019 1005102728.42 38.4678 -112.7969 5.34   1.5   0.2 03 1910050020 0.3400 
2019 1005103210.50 38.4652 -112.7929 3.65   0.2  -0.9 09 1910050021 0.3270 
2019 1005104533.14 38.4652 -112.7929 3.65   0.2  -0.7 09 1910050022 0.3870 
2019 1005110536.84 38.4678 -112.7969 5.34   1.5   0.2 03 1910050023 0.3770 
2019 1005110601.96 38.4652 -112.7929 3.65   0.2  -0.8 09 1910050024 0.3820 
2019 1005110911.56 38.4652 -112.7929 3.65   0.2  -0.8 09 1910050025 0.3760 
2019 1005110935.44 38.4652 -112.7929 3.65   0.2  -0.6 09 1910050026 0.4950 
2019 1005111125.76 38.4652 -112.7929 3.65   0.2  -0.9 09 1910050027 0.3380 
2019 1005112519.50 38.4652 -112.7929 3.65   0.2  -0.5 09 1910050028 0.4900 
2019 1005121633.65 38.4652 -112.7929 3.65   0.2  -0.6 09 1910050029 0.4560 
2019 1020140240.56 38.4673 -112.7947 4.39   1.3  -1.2 36 1910200001 0.3700 
2019 1020140423.50 38.4673 -112.7947 4.39   1.3  -1.1 36 1910200002 0.3200 
2019 1020140434.54 38.4673 -112.7947 4.39   1.3  -0.6 36 1910200003 0.6800 
2019 1020140511.18 38.4682 -112.7903 2.81  -0.6  -1.9 57 1910200004 0.2420 
2019 1020150549.00 38.4752 -112.7807 1.58  -0.2  -1.5 35 1910200005 0.3610 
2019 1020151840.90 38.4676 -112.7962 3.97  -0.7  -1.1 33 1910200006 0.6900 
2019 1020160954.80 38.4680 -112.7924 3.66   0.4  -1.1 34 1910200007 0.5000 
2019 1020173238.60 38.4685 -112.7930 3.65  -0.4  -1.0 38 1910200008 0.4950 
2019 1020175437.50 38.4680 -112.7924 3.66   0.4  -0.7 34 1910200009 0.2960 
2019 1020175612.64 38.4685 -112.7930 3.65  -0.4  -1.0 38 1910200010 0.5110 
2019 1020210044.34 38.4673 -112.7947 4.39   1.3   0.0 36 1910200011 0.2660 
2019 1020230745.60 38.4679 -112.7961 4.88   1.1  -0.6 39 1910200012 0.2610 
2019 1020230915.34 38.4676 -112.7962 3.97  -0.7  -1.2 33 1910200013 0.1980 
2019 1020231547.70 38.4685 -112.7930 3.65  -0.4  -1.4 38 1910200014 0.4330 
2019 1021000348.28 38.4684 -112.7886 2.17  -0.6  -1.1 52 1910210001 0.2910 
2019 1021021515.86 38.4752 -112.7807 1.58  -0.2  -0.9 35 1910210002 0.5410 
2019 1021050922.34 38.4752 -112.7807 1.58  -0.2  -1.3 35 1910210003 0.3670 
2019 1021054405.70 38.4680 -112.7924 3.66   0.4  -1.4 34 1910210004 0.4220 
2019 1021060807.38 38.4680 -112.7924 3.66   0.4  -0.9 34 1910210005 0.6520 
2019 1021061010.82 38.4680 -112.7912 3.12  -0.8  -1.6 53 1910210006 0.3640 
2019 1021063708.06 38.4665 -112.7947 4.31   0.8  -1.8 44 1910210007 0.2950 
2019 1021064557.64 38.4752 -112.7807 1.58  -0.2  -1.5 35 1910210008 0.3730 
2019 1021083241.80 38.4665 -112.7947 4.31   0.8  -1.8 44 1910210009 0.2300 
2019 1021124301.62 38.4685 -112.7930 3.65  -0.4  -1.6 38 1910210010 0.3390 
2019 1021150725.28 38.4680 -112.7912 3.12  -0.8  -1.4 53 1910210011 0.4360 
2019 1021164419.46 38.4752 -112.7807 1.58  -0.2  -1.4 35 1910210012 0.3860 
2019 1021181152.24 38.4685 -112.7930 3.65  -0.4  -1.7 38 1910210013 0.3330 
2019 1021182801.26 38.4685 -112.7930 3.65  -0.4  -1.3 38 1910210014 0.5730 
2019 1021194751.48 38.4685 -112.7930 3.65  -0.4  -0.9 38 1910210015 0.5900 
2019 1021195758.52 38.4685 -112.7930 3.65  -0.4  -0.6 38 1910210016 0.6960 
2019 1021225254.02 38.4679 -112.7961 4.88   1.1  -1.1 39 1910210017 0.4040 
2019 1022022507.46 38.4682 -112.7903 2.81  -0.6  -1.8 57 1910220001 0.2470 
2019 1022051834.26 38.4686 -112.7886 2.21  -0.9  -1.5 45 1910220002 0.6030 
2019 1022052058.30 38.4683 -112.7887 2.23   0.3  -1.6 40 1910220003 0.2830 
2019 1022060034.68 38.4680 -112.7912 3.12  -0.8  -1.4 53 1910220004 0.5230 
2019 1022060922.38 38.4665 -112.7947 4.31   0.8  -1.8 44 1910220005 0.2860 
2019 1022060930.60 38.4686 -112.7886 2.21  -0.9  -1.1 45 1910220006 0.8080 
2019 1022062024.56 38.4686 -112.7886 2.21  -0.9  -1.5 45 1910220007 0.5400 
2019 1022062030.46 38.4686 -112.7886 2.21  -0.9  -1.0 45 1910220008 0.7740 
2019 1022062103.52 38.4686 -112.7886 2.21  -0.9  -1.6 45 1910220009 0.3200 
2019 1022062153.18 38.4680 -112.7924 3.66   0.4  -1.4 34 1910220010 0.3040 
2019 1022062200.78 38.4682 -112.7903 2.81  -0.6  -1.7 57 1910220011 0.5130 
2019 1022062208.56 38.4680 -112.7912 3.12  -0.8  -1.6 53 1910220012 0.5050 
2019 1022062315.80 38.4680 -112.7912 3.12  -0.8  -1.6 53 1910220013 0.5430 
2019 1022062505.42 38.4680 -112.7924 3.66   0.4  -0.5 34 1910220014 0.7330 
2019 1022062521.58 38.4686 -112.7886 2.21  -0.9  -1.7 45 1910220015 0.4860 
2019 1022062534.96 38.4665 -112.7947 4.31   0.8  -1.8 44 1910220016 0.4130 
2019 1022062648.66 38.4687 -112.7886 1.46  -9.0  -9.2 46 1910220017 0.6140 
2019 1022062759.18 38.4677 -112.7892 2.44  -0.7  -1.0 58 1910220018 0.7500 
2019 1022062810.78 38.4677 -112.7892 2.44  -0.7  -1.6 58 1910220019 0.2890 
2019 1022062928.66 38.4665 -112.7947 4.31   0.8  -0.8 44 1910220020 0.4830 
2019 1022063229.20 38.4680 -112.7912 3.12  -0.8  -1.5 53 1910220021 0.4410 
2019 1022063553.46 38.4686 -112.7886 2.21  -0.9  -1.6 45 1910220022 0.5460 
2019 1022063845.86 38.4680 -112.7924 3.66   0.4  -1.4 34 1910220023 0.2700 
2019 1022064320.38 38.4670 -112.7907 2.94  -0.6  -1.6 68 1910220024 0.3090 
2019 1022064630.52 38.4665 -112.7947 4.31   0.8  -1.8 44 1910220025 0.2900 
2019 1022065718.70 38.4668 -112.7958 4.62   0.9  -0.7 50 1910220026 0.8070 
2019 1022072350.80 38.4685 -112.7930 3.65  -0.4  -1.8 38 1910220027 0.3320 
2019 1022072553.70 38.4752 -112.7807 1.58  -0.2  -1.5 35 1910220028 0.3440 
2019 1022072638.86 38.4686 -112.7886 2.21  -0.9  -1.4 45 1910220029 0.6680 
2019 1022072808.48 38.4680 -112.7912 3.12  -0.8  -1.6 53 1910220030 0.3810 
2019 1022074539.38 38.4670 -112.7915 3.25  -0.4  -1.3 63 1910220031 0.3390 
2019 1022075645.58 38.4671 -112.7894 2.44  -0.8  -1.6 71 1910220032 0.4580 
2019 1022081226.18 38.4682 -112.7903 2.81  -0.6  -1.9 57 1910220033 0.3180 
2019 1022081249.94 38.4665 -112.7947 4.31   0.8  -1.3 44 1910220034 0.6700 
2019 1022083712.24 38.4686 -112.7886 2.21  -0.9  -1.5 45 1910220035 0.6010 
2019 1022084717.12 38.4680 -112.7912 3.12  -0.8  -1.5 53 1910220036 0.5370 
2019 1022085410.32 38.4680 -112.7912 3.12  -0.8  -1.2 53 1910220037 0.7250 
2019 1022085620.92 38.4684 -112.7886 2.17  -0.6  -1.4 52 1910220038 0.5090 
2019 1022085642.92 38.4668 -112.7927 3.71   0.1  -1.6 67 1910220039 0.2280 
2019 1022085703.44 38.4684 -112.7886 2.17  -0.6  -1.7 52 1910220040 0.2370 
2019 1022093140.80 38.4671 -112.7894 2.44  -0.8  -1.1 71 1910220041 0.7270 
2019 1022093557.20 38.4676 -112.7962 3.97  -0.7  -1.5 33 1910220042 0.5080 
2019 1022094733.24 38.4673 -112.7947 4.39   1.3  -0.5 36 1910220043 0.2450 
2019 1022100315.04 38.4665 -112.7947 4.31   0.8  -1.3 44 1910220044 0.6900 
2019 1022100720.58 38.4684 -112.7886 2.17  -0.6  -1.5 52 1910220045 0.5540 
2019 1022101218.44 38.4684 -112.7886 2.17  -0.6  -1.4 52 1910220046 0.5590 
2019 1022102342.64 38.4677 -112.7892 2.44  -0.7  -1.7 58 1910220047 0.3540 
2019 1022105152.12 38.4687 -112.7886 1.46  -9.0  -9.8 46 1910220048 0.3830 
2019 1022105955.48 38.4670 -112.7915 3.25  -0.4  -1.4 63 1910220049 0.3440 
2019 1022111007.80 38.4671 -112.7894 2.44  -0.8  -1.8 71 1910220050 0.4550 
2019 1022111822.98 38.4677 -112.7892 2.44  -0.7  -1.0 58 1910220051 0.7800 
2019 1022112241.44 38.4671 -112.7894 2.44  -0.8  -1.8 71 1910220052 0.3220 
2019 1022114249.12 38.4665 -112.7947 4.31   0.8  -1.3 44 1910220053 0.6640 
2019 1022114633.72 38.4686 -112.7886 2.21  -0.9  -1.9 45 1910220054 0.4070 
2019 1022122118.06 38.4671 -112.7894 2.44  -0.8  -1.6 71 1910220055 0.5950 
2019 1022123047.48 38.4671 -112.7894 2.44  -0.8  -1.5 71 1910220056 0.6120 
2019 1022123936.04 38.4677 -112.7933 3.85   0.3  -1.3 47 1910220057 0.2400 
2019 1022124115.78 38.4686 -112.7886 2.21  -0.9  -1.7 45 1910220058 0.4940 
2019 1022124939.50 38.4670 -112.7907 2.94  -0.6  -1.5 68 1910220059 0.4640 
2019 1022125052.16 38.4684 -112.7886 2.17  -0.6  -1.4 52 1910220060 0.3520 
2019 1022125429.22 38.4686 -112.7886 2.21  -0.9  -1.9 45 1910220061 0.3810 
2019 1022125537.78 38.4678 -112.7969 5.34   1.5   0.4 03 1910220062 0.3620 
2019 1022130113.14 38.4652 -112.7929 3.65   0.2  -1.0 09 1910220063 0.2800 
2019 1022130718.68 38.4671 -112.7894 2.44  -0.8  -1.6 71 1910220064 0.4850 
2019 1022131048.96 38.4665 -112.7947 4.31   0.8  -1.4 44 1910220065 0.6520 
2019 1022131523.82 38.4668 -112.7927 3.71   0.1  -1.3 67 1910220066 0.2340 
2019 1022131944.58 38.4677 -112.7892 2.44  -0.7  -1.6 58 1910220067 0.3610 
2019 1022133045.12 38.4665 -112.7947 4.31   0.8  -1.7 44 1910220068 0.2460 
2019 1022133807.66 38.4678 -112.7969 5.34   1.5  -1.0 03 1910220069 0.4060 
2019 1022135550.72 38.4665 -112.7947 4.31   0.8  -0.9 44 1910220070 0.7170 
2019 1022135649.38 38.4668 -112.7927 3.71   0.1  -1.2 67 1910220071 0.5850 
2019 1022142142.78 38.4663 -112.7952 4.32  -0.1  -1.2 74 1910220072 0.2950 
2019 1022144751.44 38.4680 -112.7912 3.12  -0.8  -1.4 53 1910220073 0.5050 
2019 1022150145.84 38.4684 -112.7886 2.17  -0.6  -1.4 52 1910220074 0.3860 
2019 1022150328.28 38.4652 -112.7929 3.65   0.2  -0.9 09 1910220075 0.2710 
2019 1022160626.98 38.4658 -112.7907 2.86   0.2  -1.2 08 1910220076 0.2740 
2019 1022162926.64 38.4670 -112.7915 3.25  -0.4  -0.9 63 1910220077 0.5580 
2019 1022170050.04 38.4665 -112.7900 2.59   0.1  -1.0 23 1910220078 0.3750 
2019 1022175747.54 38.4670 -112.7915 3.25  -0.4  -0.8 63 1910220079 0.7420 
2019 1022180140.42 38.4680 -112.7912 3.12  -0.8  -1.6 53 1910220080 0.3960 
2019 1022181557.14 38.4652 -112.7929 3.65   0.2  -0.9 09 1910220081 0.4330 
2019 1022203753.14 38.4686 -112.7892 3.60  -0.1  -0.9 18 1910220082 0.3710 
2019 1022232504.97 38.4680 -112.7912 3.12  -0.8  -1.3 53 1910220083 0.4800 
2019 1023012705.12 38.4680 -112.7912 3.12  -0.8  -1.3 53 1910230001 0.4130 
2019 1023041229.06 38.4665 -112.7947 4.31   0.8  -1.6 44 1910230002 0.4980 
2019 1023041704.80 38.4665 -112.7947 4.31   0.8  -1.3 44 1910230003 0.6580 
2019 1023043341.02 38.4678 -112.7969 5.34   1.5  -0.6 03 1910230004 0.4330 
2019 1023043351.26 38.4658 -112.7907 2.86   0.2  -1.1 08 1910230005 0.3770 
2019 1023051840.74 38.4671 -112.7894 2.44  -0.8  -1.6 71 1910230006 0.5790 
2019 1023053009.46 38.4671 -112.7913 3.17  -0.4  -1.6 59 1910230007 0.2630 
2019 1023063612.70 38.4670 -112.7907 2.94  -0.6  -1.5 68 1910230008 0.4820 
2019 1023070906.60 38.4668 -112.7927 3.71   0.1  -1.1 67 1910230009 0.7280 
2019 1023071936.40 38.4668 -112.7927 3.71   0.1  -1.6 67 1910230010 0.3680 
2019 1023072551.76 38.4671 -112.7894 2.44  -0.8  -1.3 71 1910230011 0.5970 
2019 1023072559.12 38.4676 -112.7874 2.00   0.0  -1.4 61 1910230012 0.4290 
2019 1023072642.78 38.4671 -112.7918 3.24   0.3  -1.3 75 1910230013 0.5750 
2019 1023072649.48 38.4677 -112.7892 2.44  -0.7  -1.9 58 1910230014 0.3020 
2019 1023072808.52 38.4671 -112.7894 2.44  -0.8  -1.7 71 1910230015 0.5820 
2019 1023073043.52 38.4670 -112.7907 2.94  -0.6  -1.6 68 1910230016 0.4240 
2019 1023073435.10 38.4668 -112.7927 3.71   0.1  -1.6 67 1910230017 0.2520 
2019 1023073541.42 38.4670 -112.7915 3.25  -0.4  -1.2 63 1910230018 0.3560 
2019 1023073556.08 38.4668 -112.7927 3.71   0.1  -0.9 67 1910230019 0.7870 
2019 1023073602.88 38.4671 -112.7894 2.44  -0.8  -1.8 71 1910230020 0.4460 
2019 1023073647.72 38.4668 -112.7941 4.04   0.5  -1.2 55 1910230021 0.5600 
2019 1023074023.40 38.4668 -112.7941 4.04   0.5  -1.1 55 1910230022 0.7600 
2019 1023074646.02 38.4668 -112.7941 4.04   0.5  -1.3 55 1910230023 0.4480 
2019 1023074712.84 38.4677 -112.7892 2.44  -0.7  -1.9 58 1910230024 0.3690 
2019 1023074721.02 38.4671 -112.7894 2.44  -0.8  -1.9 71 1910230025 0.3900 
2019 1023074801.52 38.4668 -112.7941 4.04   0.5  -1.2 55 1910230026 0.6640 
2019 1023074825.34 38.4668 -112.7927 3.71   0.1  -1.4 67 1910230027 0.5950 
2019 1023074842.12 38.4673 -112.7922 3.42  -0.3  -1.6 54 1910230028 0.2570 
2019 1023080447.88 38.4668 -112.7941 4.04   0.5  -1.6 55 1910230029 0.2250 
2019 1023080508.60 38.4668 -112.7941 4.04   0.5  -1.1 55 1910230030 0.7040 
2019 1023080901.50 38.4671 -112.7894 2.44  -0.8  -2.0 71 1910230031 0.3410 
2019 1023082311.30 38.4671 -112.7894 2.44  -0.8  -1.9 71 1910230032 0.3720 
2019 1023083346.60 38.4671 -112.7894 2.44  -0.8  -1.9 71 1910230033 0.3350 
2019 1023084620.86 38.4673 -112.7922 3.42  -0.3  -1.6 54 1910230034 0.3150 
2019 1023092148.12 38.4671 -112.7894 2.44  -0.8  -1.3 71 1910230035 0.7200 
2019 1023093438.16 38.4670 -112.7915 3.25  -0.4  -1.6 63 1910230036 0.2930 
2019 1023093511.62 38.4671 -112.7894 2.44  -0.8  -1.3 71 1910230037 0.6650 
2019 1023095441.34 38.4677 -112.7890 2.38  -0.3  -1.4 72 1910230038 0.3750 
2019 1023103150.36 38.4671 -112.7894 2.44  -0.8  -1.9 71 1910230039 0.3470 
2019 1023110142.78 38.4680 -112.7924 3.66   0.4  -1.2 34 1910230040 0.5460 
2019 1023110151.74 38.4665 -112.7947 4.31   0.8  -1.8 44 1910230041 0.3150 
2019 1023115038.80 38.4668 -112.7941 4.04   0.5  -1.4 55 1910230042 0.4990 
2019 1023133434.12 38.4671 -112.7894 2.44  -0.8  -1.0 71 1910230043 0.7650 
2019 1023144743.60 38.4668 -112.7927 3.71   0.1  -0.9 67 1910230044 0.5320 
2019 1023161619.36 38.4752 -112.7807 1.58  -0.2  -1.5 35 1910230045 0.3300 
2019 1023174218.76 38.4752 -112.7807 1.58  -0.2  -0.9 35 1910230046 0.5070 
2019 1023183435.66 38.4670 -112.7915 3.25  -0.4  -1.4 63 1910230047 0.2720 
2019 1023191748.22 38.4752 -112.7807 1.58  -0.2  -1.2 35 1910230048 0.4290 
2019 1023191813.32 38.4752 -112.7807 1.58  -0.2  -1.1 35 1910230049 0.5060 
2019 1023193756.02 38.4680 -112.7912 3.12  -0.8  -1.0 53 1910230050 0.5870 
2019 1023193816.28 38.4670 -112.7915 3.25  -0.4  -1.4 63 1910230051 0.4610 
2019 1023194456.20 38.4752 -112.7807 1.58  -0.2  -0.6 35 1910230052 0.6570 
2019 1023195111.02 38.4684 -112.7886 2.17  -0.6  -1.5 52 1910230053 0.2660 
2019 1023195116.66 38.4670 -112.7915 3.25  -0.4  -1.1 63 1910230054 0.5610 
2019 1023195905.00 38.4665 -112.7947 4.31   0.8  -1.5 44 1910230055 0.2390 
2019 1023202149.32 38.4670 -112.7915 3.25  -0.4  -0.7 63 1910230056 0.6560 
2019 1023205619.88 38.4680 -112.7912 3.12  -0.8  -1.6 53 1910230057 0.3680 
2019 1023213536.88 38.4670 -112.7915 3.25  -0.4  -0.6 63 1910230058 0.6840 
2019 1023223845.22 38.4678 -112.7969 5.34   1.5   0.1 03 1910230059 0.3360 
2019 1023223857.26 38.4678 -112.7969 5.34   1.5   0.0 03 1910230060 0.3260 
2019 1023232829.92 38.4752 -112.7807 1.58  -0.2  -1.4 35 1910230061 0.4020 
2019 1023233257.94 38.4671 -112.7894 2.44  -0.8  -1.4 71 1910230062 0.5070 
2019 1023233305.59 38.4671 -112.7894 2.44  -0.8  -1.7 71 1910230063 0.3740 
2019 1024004144.98 38.4671 -112.7894 2.44  -0.8  -0.8 71 1910240001 0.7770 
2019 1024004158.24 38.4670 -112.7915 3.25  -0.4  -1.4 63 1910240002 0.2750 
2019 1024010152.62 38.4663 -112.7952 4.32  -0.1  -1.0 74 1910240003 0.2890 
2019 1024020551.44 38.4671 -112.7894 2.44  -0.8  -1.4 71 1910240004 0.5450 
2019 1024024220.02 38.4671 -112.7894 2.44  -0.8  -1.5 71 1910240005 0.4280 
2019 1024045929.26 38.4670 -112.7915 3.25  -0.4  -1.2 63 1910240006 0.2750 
2019 1024080252.02 38.4671 -112.7894 2.44  -0.8  -1.1 71 1910240007 0.5780 
2019 1024154933.36 38.4670 -112.7915 3.25  -0.4  -1.3 63 1910240008 0.2540 
2019 1024205706.00 38.4671 -112.7894 2.44  -0.8  -1.5 71 1910240009 0.3190 
2019 1029232543.20 38.4676 -112.7968 5.32   1.0  -0.7 04 1910290001 0.2930 
2019 1029234902.35 38.4678 -112.7975 5.42   1.5  -0.4 01 1910290002 0.3670 
2019 1030000116.52 38.4678 -112.7989 5.55   0.1  -0.2 11 1910300001 0.4330 
2019 1030013917.48 38.4678 -112.7975 5.42   1.5  -0.3 01 1910300002 0.3490 
2019 1127044741.68 38.4670 -112.7915 3.25  -0.4  -0.5 63 1911270001 0.4630 
2019 1209225602.64 38.4682 -112.7903 2.81  -0.6  -1.3 57 1912090001 0.6540 
2019 1210005047.86 38.4671 -112.7894 2.44  -0.8  -1.0 71 1912100001 0.8390 
2019 1210015941.34 38.4663 -112.7952 4.32  -0.1  -1.0 74 1912100002 0.5670 
2019 1210024240.60 38.4682 -112.7903 2.81  -0.6  -1.7 57 1912100003 0.5620 
2019 1210034912.56 38.4682 -112.7903 2.81  -0.6  -1.2 57 1912100004 0.6860 
2019 1210050621.30 38.4682 -112.7903 2.81  -0.6  -1.4 57 1912100005 0.6630 
2019 1210051755.62 38.4682 -112.7903 2.81  -0.6  -1.2 57 1912100006 0.7030 
2019 1210072218.08 38.4682 -112.7903 2.81  -0.6  -1.2 57 1912100007 0.7690 
2019 1210091733.62 38.4682 -112.7903 2.81  -0.6  -0.7 57 1912100008 0.8400 
2019 1210111019.08 38.4682 -112.7903 2.81  -0.6  -1.6 57 1912100010 0.6430 
2019 1210124419.82 38.4682 -112.7903 2.81  -0.6  -1.0 57 1912100011 0.7200 
2019 1210130543.18 38.4682 -112.7903 2.81  -0.6  -1.6 57 1912100012 0.5440 
2019 1210130735.32 38.4682 -112.7903 2.81  -0.6  -1.3 57 1912100013 0.7250 
2019 1210130827.80 38.4682 -112.7903 2.81  -0.6  -1.7 57 1912100014 0.5300 
2019 1210131437.54 38.4682 -112.7903 2.81  -0.6  -0.6 57 1912100015 0.8450 
2019 1210132247.42 38.4682 -112.7903 2.81  -0.6  -0.6 57 1912100016 0.8110 
2019 1210132543.40 38.4682 -112.7903 2.81  -0.6  -0.8 57 1912100017 0.7670 
2019 1210132607.60 38.4682 -112.7903 2.81  -0.6  -1.0 57 1912100018 0.7770 
2019 1210133546.54 38.4682 -112.7903 2.81  -0.6  -0.9 57 1912100019 0.8170 
2019 1210141017.08 38.4682 -112.7903 2.81  -0.6  -1.4 57 1912100020 0.6250 
2019 1210152351.02 38.4682 -112.7903 2.81  -0.6   0.2 57 1912100021 0.7590 
2019 1210152904.44 38.4663 -112.7952 4.32  -0.1  -1.1 74 1912100022 0.6040 
2019 1210161544.72 38.4684 -112.7886 2.17  -0.6  -1.3 52 1912100024 0.5200 
2019 1210162849.42 38.4682 -112.7903 2.81  -0.6  -1.4 57 1912100025 0.6710 
2019 1210164755.36 38.4682 -112.7903 2.81  -0.6  -1.4 57 1912100026 0.5640 
2019 1213094640.10 38.4682 -112.7903 2.81  -0.6  -1.2 57 1912130001 0.5290 
2019 1221221334.96 38.4671 -112.7894 2.44  -0.8  -1.2 71 1912210001 0.7420 
2019 1221221413.42 38.4671 -112.7894 2.44  -0.8  -1.0 71 1912210002 0.7890 
2019 1221221431.78 38.4684 -112.7886 2.17  -0.6  -0.8 52 1912210003 0.6100 
2019 1221221455.80 38.4671 -112.7894 2.44  -0.8  -0.7 71 1912210004 0.8460 
2019 1221221536.80 38.4668 -112.7958 4.62   0.9  -0.8 50 1912210005 0.4340 
2019 1221222222.12 38.4670 -112.7953 4.50   0.4  -1.2 48 1912210006 0.3430 
2019 1221232102.77 38.4671 -112.7894 2.44  -0.8  -2.0 71 1912210007 0.8530 
2019 1222010622.23 38.4671 -112.7894 2.44  -0.8   0.4 71 1912220001 0.8800 
2019 1222062513.07 38.4671 -112.7894 2.44  -0.8  -1.2 71 1912220002 0.8000 
